0.518224954605
0.41391608119
0.12148347497
0.213820293546
-0.0139998029917
0.258819401264
0.0517137870193
-0.0523401871324
-0.161579668522
-0.052451107651
0.219146296382
0.0566621869802
-0.164576664567
-0.130193650723
-0.26690107584
0.0018539391458
-0.0314678288996
-0.0217401310802
0.0404762253165
0.176514655352
0.118888787925
0.0698722228408
0.101502016187
-0.190370038152
0.126971289515
0.332072079182
0.277533680201
0.491133451462
0.228208526969
-0.203370690346
0.452988147736
0.227806091309
0.0485675223172
-0.267386555672
-0.382735103369
-0.0909016430378
-0.210824340582
-0.285786092281
-0.376865744591
-0.240030378103
-0.391604721546
-0.337232708931
-0.399782538414
-0.26598918438
-0.0971456617117
-0.376985341311
-0.296988666058
-0.306230098009
-0.0869945213199
-0.0244126394391
0.244903668761
-0.200679644942
-0.0238902419806
-0.0220925267786
-0.0153419589624
0.160461574793
-0.0468995198607
0.108248464763
-0.19551178813
0.0435517430305
0.119356058538
-0.104267649353
-0.15628375113
0.0954156443477
-0.0286266673356
-0.0423513911664
0.020608259365
-0.249485358596
0.191839009523
0.1556468606
0.122104309499
-0.22098095715
-0.120596334338
0.2627838552
-0.126260876656
0.216264471412
0.161591053009
-0.247742980719
-0.376865446568
-0.145339399576
0.279119879007
0.332170248032
0.0588731504977
-0.132056221366
-0.171169236302
-0.101987808943
0.0900102853775
-0.146688133478
-0.0847623348236
-0.160177841783
0.0671980455518
-0.136039033532
0.00601946841925
0.152299463749
-0.0317056924105
-0.0540350340307
-0.214480385184
-0.228335231543
-0.0216700397432
-0.167871057987
0.274234622717
0.028109299019
-0.17816196382
0.0161175467074
-0.299665957689
0.2837459445
0.0458961948752
-0.0712913125753
-0.202489361167
-0.0448627881706
0.0543327666819
-0.104319952428
-0.099390335381
0.10678486526
0.123555794358
0.258283913136
-0.0805902853608
-0.0485630184412
0.110997147858
0.219684511423
0.0515693575144
-0.12133281678
-0.0391697250307
-0.0293330177665
-0.085595831275
-0.19247816503
0.00421939836815
0.0364869534969
0.3213519454
0.258940130472
-0.000446232967079
-0.0719784721732
0.127498090267
0.185019016266
-0.0787213519216
-0.369234710932
-0.317976236343
-0.263821899891
-0.309622824192
-0.144400551915
-0.488496333361
-0.346855431795
-0.462715625763
-0.103440821171
-0.0993648171425
-0.349727034569
-0.384319037199
-0.483242660761
-0.272977679968
0.146875843406
0.164959684014
-0.103582143784
-0.0324946083128
-0.281304329634
-0.245604649186
0.46859768033
0.340091735125
0.190703943372
0.11714297533
-0.0175066385418
0.340711086988
0.591094255447
0.518022537231
0.109995700419
-0.187211036682
-0.182946234941
0.35794043541
0.585905194283
0.609817445278
0.410019785166
-0.383419185877
-0.229184880853
0.00603930745274
0.382646292448
0.372648745775
-0.134327337146
-0.185670942068
-0.293290674686
-0.113666474819
-0.10538713634
0.0567174144089
-0.0439658276737
0.00377218006179
0.0605139099061
0.211448431015
0.399037927389
0.494291007519
0.384047836065
0.291719406843
0.056205201894
0.193442076445
0.146610751748
0.233149632812
0.111013479531
0.194609805942
-0.645610809326
-0.371870964766
-0.449645280838
-0.344747304916
-0.163359582424
-0.109465569258
0.0881605893373
-0.0117606408894
0.0706928893924
-0.0655422359705
0.16666123271
-0.03020516783
-0.127289414406
-0.17494559288
0.0395771563053
-0.1538310498
-0.037116561085
0.0140277585015
0.253897756338
0.259965181351
-0.132300719619
0.125557437539
-0.0125096719712
0.253459215164
-0.0487551130354
-0.159559756517
-0.116472959518
0.142288908362
0.0962740033865
-0.189640119672
0.160539418459
-0.22661088407
0.0216015633196
-0.223451063037
-0.0131540475413
-0.0782379359007
-0.265643507242
-0.229378789663
0.00462046964094
-0.0986424461007
-0.204891905189
0.149724125862
0.27421811223
0.409140825272
0.337481528521
-0.00854180380702
0.417975068092
0.200243324041
-0.073206089437
0.0499261431396
0.238355576992
0.350442826748
-0.189635485411
-0.0094019472599
-0.175090104342
-0.0972442999482
0.058434329927
0.182210564613
0.254024922848
-0.309898227453
0.306498020887
-0.183999970555
-0.195935308933
-0.298346936703
0.152373820543
-0.134831428528
0.123946800828
-0.217163354158
-0.275180876255
0.242670580745
0.0964906811714
-0.1246599406
0.0956735089421
0.171574518085
0.256935119629
-0.233226150274
0.243179365993
0.0526477061212
0.177493721247
-0.334091037512
0.14152571559
0.209546923637
0.105039097369
0.0641486719251
0.0274028498679
0.078580699861
0.23972530663
0.120328366756
0.359353393316
0.321660757065
0.262181580067
0.269974708557
-0.145850747824
0.0184120163321
-0.101543657482
-0.00444810139015
-0.0849601179361
-0.136695072055
-0.19713357091
-0.266752898693
-0.302071481943
-0.40032273531
-0.0476458519697
-0.262796550989
0.126283496618
-0.0248839110136
0.0869603380561
-0.344404637814
0.0569936521351
0.354902893305
0.349238365889
0.471976041794
0.0892189517617
0.226146072149
0.308190047741
0.295203864574
0.469390332699
0.221486791968
0.30197545886
0.2447296381
-0.346956908703
0.0730689913034
0.0298225339502
-0.267680823803
-0.371707051992
-0.271562039852
-0.264171212912
-0.188202425838
-0.0981112271547
0.118831038475
-0.217923909426
-0.258076697588
-0.32515630126
-0.27947178483
0.208339288831
-0.0289245955646
-0.273437857628
0.021942326799
-0.201996609569
0.118464402854
0.18249373138
0.12950079143
-0.238041132689
-0.0528827682137
0.302063077688
0.250882685184
0.0846018195152
0.230753585696
-0.122929058969
-0.0924823060632
0.0716651156545
0.168498948216
0.00403902400285
-0.110179841518
0.104195229709
-0.168852642179
0.33059695363
0.294291108847
0.116909682751
-0.329835265875
0.102747693658
0.476433813572
0.00982234440744
0.119594484568
-0.295825749636
0.0386269688606
0.402386635542
0.0582967884839
-0.148338630795
-0.137883171439
0.313364475965
0.231108531356
-0.0939553380013
-0.170137569308
0.173398017883
0.209625959396
0.189726814628
-0.00412540324032
0.14656662941
0.0762609094381
-0.233804538846
0.288313537836
0.235542327166
0.177845954895
0.0798638164997
0.116310358047
0.291370362043
0.104541867971
0.0939522534609
-0.182678103447
0.0303945280612
0.35349586606
0.199789702892
0.116470128298
-0.209119334817
-0.248763144016
0.377478450537
0.0960120782256
0.172256499529
0.160654529929
-0.22017852962
0.165883719921
0.343101739883
0.157274916768
0.128598436713
-0.356460601091
0.114266745746
0.449390292168
0.424672245979
0.0414444133639
0.145104542375
0.345558077097
0.40338370204
-0.0155055429786
0.139279991388
0.469350397587
0.479103982449
0.189363673329
-0.0523159913719
-0.0756809711456
0.293364226818
0.239767342806
-0.0241898242384
-0.00473737157881
-0.250385642052
0.336072862148
0.260550677776
-0.213402166963
0.0198734756559
-0.0106392381713
-0.164198532701
-0.408807903528
-0.373662859201
-0.179735615849
-0.273219048977
-0.12243591994
-0.208307489753
-0.177037015557
-0.16673694551
-0.0402177013457
-0.158515304327
0.142072051764
0.198302522302
0.0842630788684
-0.053316835314
0.223618149757
0.533278942108
0.502237796783
0.250792533159
0.212055772543
0.41697704792
0.415999412537
0.347291499376
0.316045939922
0.332462877035
0.122427761555
-0.264061570168
-0.31152176857
-0.222807139158
-0.0876968204975
0.270047426224
-0.238462150097
-0.295269221067
-0.272831887007
0.0766962841153
0.221834480762
-0.157713189721
-0.0209810882807
-0.161687284708
-0.246026903391
0.188041254878
-0.0520529709756
-0.303846240044
-0.156793519855
0.141519919038
-0.12613594532
-0.203166246414
-0.168691650033
0.175721466541
0.0494231432676
-0.113829642534
0.0259482655674
-0.00328660896048
0.00802885834128
0.117195859551
-0.204022943974
-0.0465790629387
-0.0101144341752
0.468461841345
0.198758766055
-0.139483124018
-0.0180697757751
0.50622522831
0.444065153599
-0.0111541897058
0.149483636022
0.406907558441
0.548689365387
0.113498799503
-0.144628301263
0.321522384882
0.104375556111
0.14120388031
-0.326355457306
-0.324511140585
