0.00850962568074
0.210586473346
0.225352272391
-0.265968769789
-0.266713917255
-0.035402789712
-0.0911867618561
-0.0112191746011
0.051664236933
0.210940599442
0.0392698869109
-0.328508704901
0.295649766922
0.310658842325
-0.261028409004
-0.00951681099832
-0.33242675662
-0.127633273602
-0.177058979869
-0.307942122221
0.0589997172356
-0.417856931686
0.00244775088504
0.161479234695
-0.185659602284
-0.189420431852
0.0248223952949
-0.12329672277
-0.413053154945
-0.597036659718
0.258076816797
0.37388330698
-0.111142612994
-0.193818598986
-0.291096955538
0.512944877148
0.367520362139
0.558490276337
0.132824257016
0.0713634639978
0.384072214365
0.314071834087
0.312136471272
0.00308593967929
0.259527206421
-0.0439685471356
0.20693141222
-0.0452233441174
-0.186780646443
0.316079556942
-0.064397059381
0.23832705617
-0.0937293842435
-0.172669798136
-0.203997269273
-0.0868431255221
-0.211685732007
-0.0749097391963
-0.0432523414493
-0.0895041897893
0.00380174559541
0.0504967980087
-0.0992848351598
-0.0275895185769
-0.160535976291
-0.206871539354
0.0755767226219
-0.18895547092
-0.135950997472
-0.261526525021
-0.0263097397983
0.100046269596
0.0973344296217
-0.0970010235906
-0.277572393417
0.179082199931
-0.0410332754254
0.174232512712
0.115153625607
-0.250463753939
0.0139699149877
0.310197740793
0.373785853386
-0.197286099195
0.0411299988627
0.198342934251
0.0317220650613
0.0300368592143
-0.154610589147
-0.123026140034
0.171926274896
0.372672140598
-0.0652787685394
-0.124314650893
-0.210465356708
0.0503587946296
0.011326241307
0.0373288467526
-0.0707345753908
-0.170909449458
0.0761451125145
0.185182258487
-0.138665154576
-0.204636886716
0.0409944988787
0.141498252749
0.332848250866
0.0665272250772
-0.25495710969
-0.157221496105
-0.0264551304281
0.166481524706
0.0978489741683
0.207403764129
-0.0622322298586
-0.172510161996
0.223715811968
0.0631236284971
0.152629390359
0.125798031688
0.113474197686
0.140715867281
0.0562485009432
-0.204330489039
-0.0589778199792
0.183460488915
-0.373533517122
-0.501106977463
-0.0701762884855
-0.0940586552024
0.00793940760195
-0.311603993177
-0.596718490124
-0.496426671743
-0.213247165084
0.459972888231
-0.0447963364422
-0.205343782902
-0.238738849759
0.138429000974
0.392164289951
0.159669518471
-0.204650774598
0.00356328650378
0.301984578371
0.187870547175
0.0410668589175
0.241803228855
0.165740013123
-0.0672694295645
-0.353662610054
-0.357460558414
0.300252050161
0.288774043322
-0.0252628475428
-0.444790571928
-0.708136618137
-0.535705864429
0.0286861397326
0.214245319366
0.296082139015
0.00964240171015
-0.42755022645
-0.35290697217
-0.133017167449
0.441566884518
0.764764070511
0.481256663799
0.210474312305
-0.264013379812
-0.074823319912
0.213890239596
0.0644272044301
0.174555584788
0.0151092568412
0.000318574282574
0.20482032001
0.139980062842
0.250603705645
0.349227249622
-0.216469705105
0.00889030657709
0.0368016883731
0.315272182226
0.357365101576
0.235142037272
0.0442614033818
0.0595659501851
0.194928258657
0.111963436007
0.108213625848
0.459889709949
0.60930120945
0.517035543919
0.24196113646
0.196874126792
-0.0355175435543
0.127789139748
0.275538623333
-0.115099169314
0.173299849033
0.0544220842421
0.0179210919887
0.169094115496
0.111325487494
-0.0465835779905
0.215221881866
-0.085027962923
-0.26219522953
-0.0441369861364
0.158538907766
-0.147361725569
0.0166778303683
0.137934312224
0.167341500521
0.172656938434
0.0517343580723
-0.101547271013
-0.132159247994
0.244984254241
0.112728700042
-0.233840093017
-0.133880093694
-0.0683751478791
0.192191064358
0.170666441321
0.280987560749
0.410904377699
0.382953613997
0.0589830540121
-0.122474551201
0.295245021582
0.140046313405
-0.241916596889
-0.230292052031
-0.322746664286
-0.1107057482
0.195593863726
-0.135152623057
0.239617183805
-0.141809150577
0.131347715855
-0.0827750936151
0.268275767565
0.115574918687
-0.0502874404192
0.187450826168
0.00852538459003
-0.219425529242
0.185136511922
0.05132233724
-0.207740783691
0.0190992709249
0.13377635181
-0.174449712038
-0.135649189353
-0.0919057354331
-0.255238860846
-0.0409388579428
0.0677247196436
-0.228123292327
-0.215422123671
-0.021472029388
0.124776303768
0.0650808662176
0.0468291044235
-0.241718962789
-0.0518940724432
-0.0744504258037
-0.226476460695
-0.228457450867
-0.273651063442
-0.248977288604
-0.0211880002171
0.098131492734
0.254128605127
-0.215855270624
0.121570631862
0.0441002212465
0.156362265348
-0.280679404736
0.195027723908
0.355189412832
0.39927905798
-0.241075828671
0.160990357399
0.0941267237067
-0.0897739008069
-0.16876296699
-0.087183251977
-0.22674369812
-0.22031468153
-0.293336093426
-0.133876815438
0.158025830984
-0.233139261603
0.0993879958987
0.000426642771345
-0.029513426125
0.304352104664
0.097644791007
0.349332481623
0.347163528204
0.190667271614
-0.046408649534
-0.0826673135161
0.0280583389103
0.15247811377
-0.150092020631
-0.0468940213323
-0.142586484551
-0.140337765217
-0.223355397582
-0.594716966152
-0.469914019108
-0.0150338942185
-0.420603662729
-0.496534854174
-0.130241379142
-0.202437490225
0.220554247499
-0.214328512549
-0.257928907871
-0.000673117116094
0.00646990071982
-0.0849940776825
-0.0672535896301
-0.298269987106
-0.129756063223
-0.322486698627
-0.11584610492
-0.367883116007
0.0345250107348
-0.121767535806
-0.11494114995
0.00213579111733
0.166747137904
-0.28874412179
0.153564214706
0.236085265875
-0.0645642578602
-0.206663429737
-0.231355980039
-0.162840723991
0.182661116123
-0.145215541124
-0.254462689161
-0.302667737007
-0.0120780402794
0.0746869146824
0.119046315551
-0.0782118961215
-0.133070483804
0.0303572174162
0.175396546721
-0.0336542204022
0.311248064041
0.134597346187
-0.351994544268
-0.0631806626916
0.218081265688
0.405288696289
-0.441605776548
-0.275195926428
-0.171403616667
0.139146447182
0.193426042795
-0.179729267955
0.12874981761
-0.115522302687
0.365210443735
-0.134085401893
-0.323300659657
-0.0640225037932
0.11344435811
0.102544754744
0.111266590655
0.150552034378
-0.124962575734
-0.202660828829
-0.0903062298894
-0.431287616491
0.0456725955009
-0.155519679189
0.152201622725
-0.317882746458
-0.358968168497
0.0552343577147
0.248363554478
0.174071475863
0.0419776178896
-0.338032513857
0.239464104176
0.0792500898242
0.153025239706
0.234151780605
0.159935981035
0.295121312141
0.399514645338
0.334213286638
-0.158370018005
0.305824011564
0.22919909656
0.236894309521
-0.135509088635
0.0900536477566
0.419380337
-0.250948727131
-0.1749342978
-0.439561724663
0.0387669615448
-0.0222303513438
-0.571308374405
-0.56320643425
0.0342685841024
0.0189586132765
-0.338547348976
-0.436320751905
0.118570774794
0.329787105322
-0.275042444468
-0.0273539144546
0.135726124048
0.283850252628
-0.19508805871
0.107594951987
0.00952622760087
0.419801384211
0.447178930044
-0.0577285885811
-0.211774677038
0.160764172673
-0.313770353794
-0.209561288357
-0.213588997722
-0.282675415277
-0.0771792978048
-0.47064319253
-0.22778879106
-0.280186831951
0.307818710804
0.619132876396
0.582803368568
0.436671167612
0.0743484646082
0.108609586954
0.00243655545637
0.238768294454
-0.0603611133993
0.140310168266
-0.123353593051
0.226554900408
0.234291523695
0.217070952058
0.0697294846177
0.0271700378507
-0.238806933165
0.0779715627432
0.24617870152
0.0700204744935
0.0148994280025
-0.199338525534
0.0633112415671
0.0348207838833
-0.125587776303
-0.371153593063
-0.146021649241
0.0236306283623
0.164035841823
-0.0126849962398
-0.373694688082
-0.124973505735
0.0252847112715
0.205842062831
-0.153477296233
0.0435639359057
-0.113885477185
-0.267699450254
-0.278064936399
-0.32020893693
0.158347979188
-0.316307425499
-0.42938503623
0.00139716395643
-0.457880228758
-0.036927241832
-0.184281036258
-0.0618046969175
-0.270758360624
0.129711270332
0.183331683278
0.120950385928
0.199400797486
0.453080952168
0.277881592512
0.337907224894
0.430115014315
0.513549506664
0.161329984665
-0.075474627316
