0.138876348734
0.0245953053236
0.0880088433623
-0.161248371005
0.103555843234
0.185329705477
0.0642426386476
0.302767336369
-0.188761636615
0.191782087088
-0.293490290642
-0.0418966785073
0.0223385784775
0.25704780221
0.260874003172
0.00243686069734
-0.173843219876
0.000650881673209
-0.143069639802
-0.395174652338
-0.16801340878
-0.185541644692
-0.02111890167
-0.0673871561885
0.106957770884
-0.139940559864
0.235731631517
0.513152599335
0.127585530281
-0.036376722157
-0.00337396655232
-0.0974511727691
-0.34457847476
0.0647446662188
0.210736021399
-0.244174972177
0.0664563626051
-0.49815928936
0.0528220124543
0.0109139243141
0.291804671288
0.0472527481616
0.260189414024
-0.323184072971
-0.210181027651
0.219892635942
-0.0131323551759
-0.107020802796
-0.152378380299
-0.0133183300495
0.0548294000328
-0.0324439592659
-0.219168379903
0.287477314472
-0.200593546033
-0.0476698428392
-0.0897401496768
0.18557356298
-0.103952184319
-0.101212799549
-0.172899529338
0.19043238461
0.0165825933218
-0.0256138760597
0.259181052446
0.0248058699071
0.0499290898442
0.138547182083
-0.11883173883
-0.126519054174
0.115690693259
0.156123295426
-0.0387104526162
0.00480156345293
-0.0230930354446
0.186837345362
0.230702206492
-0.136606737971
0.161561354995
0.00184244976845
0.289930850267
0.256524294615
-0.247944355011
0.0750811100006
0.229473263025
-0.110861189663
0.0768542662263
-0.0857899188995
-0.296944230795
0.0665864124894
-0.118492156267
-0.164265871048
0.140031948686
0.0455145612359
0.134500160813
0.239186406136
0.132600665092
-0.163996204734
-0.247926786542
0.314958125353
-0.199214816093
0.055436424911
0.213488832116
-0.0912114083767
-0.0994258001447
0.116944007576
0.169442251325
0.32501322031
-0.091007091105
-0.31631025672
0.265498906374
0.0244739931077
-0.282911837101
-0.187594756484
0.0272407457232
-0.0669641196728
0.0181769318879
-0.420034229755
-0.0993730276823
-0.332284480333
0.142724215984
0.162541866302
-0.151410087943
0.156326815486
-0.220179766417
-0.230360597372
0.473199337721
-0.0845389887691
0.0225424692035
-0.230598166585
0.0356908030808
-0.0114474259317
0.214634716511
0.193979933858
0.136982500553
-0.188457071781
0.300635516644
0.106900662184
-0.232141181827
0.0423508659005
0.406621605158
-0.0221549328417
0.00761361559853
-0.16356036067
-0.026324942708
-0.0859009772539
0.0356491543353
-0.000608087808359
0.236539974809
0.301307529211
0.250882893801
-0.0162627436221
0.1544906497
0.340230852365
-0.329697161913
-0.0440501011908
-0.528068780899
-0.0769147127867
-0.00691292155534
-0.291392177343
-0.202865317464
0.383196175098
0.282997608185
0.013228552416
0.231675997376
-0.335549324751
-0.0221770592034
0.247393801808
0.107001155615
-0.213385313749
0.291698396206
0.0641248747706
0.11007104069
-0.157716661692
0.126030609012
0.205274954438
0.234023541212
0.2380207479
0.0742270424962
-0.0787239000201
-0.123791739345
0.0098618324846
0.0344900600612
0.188807472587
0.0905822813511
0.000389838969568
-0.0985198393464
-0.162563949823
0.221649497747
-0.206575721502
-0.0419707857072
-0.229194357991
0.12789683044
0.308892577887
0.281831979752
0.234649255872
0.23984913528
-0.416180819273
-0.357375770807
-0.0496572628617
0.135868906975
0.0795176327229
0.124627746642
-0.0221233721823
-0.103055052459
0.220957249403
-0.364395499229
-0.209857806563
0.0555954389274
-0.0024341722019
0.0794398039579
-0.315903842449
-0.109064653516
0.149933516979
0.0675335302949
-0.285349845886
-0.0424241311848
0.0992645174265
0.0260933600366
0.150198489428
-0.0950612127781
0.018394254148
0.0468622744083
-0.205935463309
0.131989404559
0.223274022341
0.148723393679
-0.0825594440103
-0.127161279321
0.302117705345
0.226402014494
0.0857451558113
-0.301408350468
0.148186191916
-0.210876062512
0.299730420113
0.281442672014
-0.291460335255
-0.040488705039
-0.0958409979939
0.315663427114
0.270009666681
0.224237710238
-0.120738096535
0.0233951695263
0.0381812751293
-0.236657738686
0.0129301473498
-0.110127940774
0.268889605999
0.0156207717955
0.384916901588
0.230691447854
-0.114631488919
0.0300532858819
0.154210597277
0.160503298044
0.293292403221
-0.113702870905
-0.0373382419348
0.329801350832
-0.0698247775435
0.0059313015081
-0.0391488075256
-0.221444234252
0.212450996041
0.181294500828
0.165240988135
0.115292988718
0.0555421374738
0.0163935180753
0.0311529897153
-0.257551670074
0.0320036783814
-0.315938830376
0.25553137064
-0.0398389622569
-0.0291299149394
0.0471178926528
-0.207157939672
0.126126423478
-0.0414132773876
0.267007708549
-0.0384237915277
-0.18338149786
-0.0919175595045
0.187608703971
0.211171984673
-0.0878009051085
-0.300681859255
-0.195345371962
0.0372118502855
0.30603453517
-0.0246794745326
-0.137172713876
-0.11361131072
-0.0630475878716
0.207722648978
0.296963334084
-0.13951061666
-0.320384979248
0.227670177817
-0.0380864664912
0.298299342394
0.275864005089
-0.261246472597
-0.170615717769
0.0617130473256
-0.256534129381
-0.124549463391
0.139341756701
0.102239869535
0.0261525213718
-0.147601470351
0.355327814817
-0.224172100425
0.478498876095
-0.155231818557
-0.0247388835996
0.333795338869
-0.0842023864388
-0.409967154264
-0.14079657197
-0.268711060286
0.258824139833
0.214942336082
-0.0143785048276
0.329359769821
0.101874276996
-0.0706208348274
-0.0636648833752
0.236935511231
0.294842272997
0.100631393492
0.145757868886
-0.33481657505
0.366561174393
0.14692991972
0.17024871707
0.0828518569469
0.124063484371
-0.359815984964
0.210607424378
0.0747420713305
0.182180151343
0.405782908201
0.156123369932
0.0859461426735
0.21041585505
0.151258781552
-0.0808611288667
0.186448439956
-0.107864357531
0.0335956327617
0.330584108829
-0.365766525269
0.0904874801636
0.180198445916
-0.144879892468
-0.435225278139
0.187654212117
0.357536166906
-0.176294192672
-0.228932827711
0.237545862794
0.000826466712169
0.235016405582
0.0378296300769
0.217050731182
0.0639509633183
0.0647322461009
-0.266237586737
0.252418875694
0.332604020834
-0.0589207969606
0.111079528928
-0.44907733798
-0.240599229932
0.127399399877
-0.30583435297
-0.0363949276507
0.0113064637408
-0.00438484596089
0.147766470909
0.120511561632
-0.127227902412
0.190353035927
-0.233060225844
-0.0654060766101
-0.0803155601025
0.0405624881387
-0.135497972369
-0.176769122481
0.11600920558
-0.0739522501826
-0.172348067164
0.154145926237
0.346269905567
0.251370787621
0.229165434837
0.164208799601
0.280232310295
0.171875461936
-0.278959155083
0.215140655637
0.260788649321
-0.686044096947
-0.253133893013
0.09882389009
-0.168529123068
0.136917918921
-0.217922404408
-0.141035035253
0.263308793306
-0.134844988585
-0.13760535419
0.217366561294
0.249547332525
-0.151119604707
-0.0293576978147
0.24373999238
-0.321390032768
0.26220870018
-0.0370970107615
-0.039297323674
-0.48258471489
-0.0378294214606
0.154268279672
-0.0443750806153
-0.16877387464
0.127038165927
0.170127019286
0.364206194878
0.172143861651
-0.0822003036737
0.322659879923
0.135526165366
0.112658925354
-0.263441890478
0.432380437851
0.13347555697
-0.159262508154
-0.189767867327
0.199113830924
0.250361382961
0.20823071897
0.100832626224
0.142060160637
-0.0172908287495
0.300349801779
-0.188118383288
0.150574475527
-0.143444448709
0.251908749342
0.277204781771
0.239312440157
0.349819272757
0.249744206667
0.232263296843
0.370693594217
0.320639312267
0.0498116128147
0.133851125836
0.286111295223
0.067715883255
-0.361743807793
-0.0152702163905
-0.0661624073982
-0.238625615835
0.203186407685
-0.160006254911
-0.138856574893
0.00773358717561
0.137312069535
-0.260862678289
-0.0190081689507
-0.0494420342147
0.283429294825
-0.196247816086
-0.255001306534
-0.258525401354
-0.162866905332
0.0986776277423
-0.253563702106
0.273439407349
-0.279458791018
-0.0617357380688
-0.117793865502
0.179885312915
0.0446897931397
0.24971909821
0.0625265687704
0.232524946332
0.187051385641
0.106590941548
-0.113595739007
0.150541499257
0.0447657480836
0.0793004631996
-0.0477274209261
0.347141265869
-0.397383004427
-0.1009003371
-0.243082419038
0.166074186563
0.328975439072
-0.152199104428
-0.14798669517
-0.12419591099
-0.0153222996742
-0.0482871495187
-0.254078835249
0.302343249321
0.215963363647
-0.326037228107
-0.311775386333
-0.0573075264692
0.0352751426399
0.171465203166
0.178116351366
-0.140293598175
-0.0266877599061
0.315498620272
-0.247427374125
0.0346032306552
0.136221706867
-0.0335024371743
-0.0338654592633
0.192727252841
-0.0529233925045
-0.08909150213
-0.250309616327
-0.373668015003
0.111054755747
0.0146546568722
-0.0058386833407
0.127750501037
-0.33873385191
-0.101009912789
-0.176180034876
-0.132798492908
-0.127338439226
0.224646791816
-0.137396037579
0.262904047966
-0.345950007439
0.0393999293447
-0.217317208648
-0.237925231457
0.0330735892057
0.0934940353036
0.260427743196
0.332921296358
-0.115473248065
-0.00841720402241
0.234838590026
0.314721763134
-0.103461511433
0.0919709056616
-0.0228344425559
-0.0409912876785
-0.366360753775
-0.221610799432
-0.143087923527
0.142865374684
0.343660771847
-0.0496674627066
-0.248991057277
0.0593636371195
0.170452162623
-0.111299410462
-0.134855121374
0.277778893709
0.241654649377
0.0930920168757
-0.196014374495
0.280269235373
-0.13135227561
0.24796012044
0.118218168616
0.194039419293
0.237614542246
-0.14264279604
0.0203513875604
0.000476745160995
0.313491940498
0.100338459015
-0.0228118095547
-0.00684824632481
0.153702989221
-0.187284857035
0.171021595597
0.0104652727023
0.103506214917
0.262758404016
-0.374950110912
0.212221845984
-0.328947931528
-0.125640198588
-0.362120658159
0.333210945129
0.215560287237
-0.209322780371
-0.0481851771474
0.0142308883369
0.149385854602
-0.310621529818
-0.271645665169
-0.128013566136
0.0592722222209
-0.0169386621565
0.024328481406
0.254673600197
0.0670308992267
0.0387742295861
0.000338450743584
0.426641076803
0.158580496907
-0.0934599041939
0.26858830452
0.294679880142
-0.137603491545
0.214231312275
0.065028399229
0.0114745302126
-0.0697988122702
0.522608458996
0.562922596931
-0.0104622598737
0.395280599594
-0.240935191512
0.0310769379139
-0.274518013
-0.0291850995272
0.156744152308
-0.354364037514
0.229098379612
0.336073666811
-0.167439356446
0.0103161949664
-0.175240933895
0.196100950241
0.0787766724825
0.171674489975
0.207513153553
0.128512173891
-0.205316290259
0.153917431831
-0.222258225083
-0.347080171108
-0.26898893714
-0.362487733364
0.170959934592
0.326156675816
-0.0844890028238
-0.0638486072421
-0.178327694535
-0.121209867299
0.19266025722
-0.00425072573125
0.0770273730159
-0.366274833679
0.282076627016
-0.0554618574679
-0.136929303408
-0.031624045223
-0.204079717398
-0.190901339054
-0.0554343424737
-0.163665369153
0.26736843586
0.174555242062
-0.230856910348
-0.092965491116
0.0287157781422
-0.218986704946
0.0420596711338
-0.264863491058
0.139707833529
-0.158012226224
-0.000678505632095
-0.0299590192735
-0.237527936697
0.28615540266
-0.229473859072
-0.12735427916
0.152490139008
0.379616558552
-0.0679504424334
0.103928387165
0.197977483273
-0.122444808483
-0.0696965754032
-0.0124032869935
-0.225057959557
-0.0729505419731
0.247940778732
-0.34360703826
0.214863881469
-0.204586938024
0.3004103899
-0.227432951331
-0.122088074684
-0.00761650083587
0.0527569912374
0.218399316072
-0.300041675568
-0.0662300661206
0.0620864890516
-0.0569206997752
-0.142115369439
0.0446704179049
-0.0913874879479
0.261021822691
-0.237323358655
0.0244085323066
0.0522890836
0.0969176962972
-0.0782717317343
0.0444562062621
0.0806260481477
0.115266829729
0.103407137096
0.197880700231
-0.00260546035133
0.202299028635
0.371636301279
0.435122877359
-0.214756131172
-0.14168100059
-0.0643751844764
-0.285610705614
-0.184008702636
-0.0618432760239
0.0996702685952
0.158080771565
0.0671586841345
0.13988442719
0.278224557638
0.301626116037
-0.191649824381
0.036369562149
0.0478657595813
-0.118998244405
-0.133307024837
0.0727219507098
0.122748635709
0.100218914449
-0.1984077245
-0.0183079056442
-0.168081462383
-0.145342305303
-0.337280213833
0.287345528603
-0.0162101536989
0.196081161499
-0.190117895603
-0.400995343924
0.216774299741
-0.0529606416821
0.0581272430718
-0.423556298018
-0.000104984486825
0.0310271941125
0.170687437057
0.242871180177
-0.302266895771
-0.0882243216038
-0.124826930463
0.109363876283
-0.0496594980359
-0.298089176416
0.224237784743
0.25808352232
0.244559884071
0.0736113488674
0.244849547744
-0.258335798979
-0.0604608952999
0.250276267529
0.175555720925
0.118800081313
-0.105067841709
0.259555637836
-0.128862410784
-0.143091663718
0.130760490894
-0.177077591419
-0.0663988739252
-0.141807645559
0.282967329025
-0.095011934638
-0.332637429237
-0.157969847322
0.231733977795
-0.150800928473
-0.152555480599
-0.0113566992804
-0.218036055565
-0.310349583626
0.307079613209
0.408395439386
0.243649855256
0.0823035389185
0.191842824221
0.258878409863
-0.192539349198
0.245688572526
0.0751553699374
0.071727655828
0.128235772252
0.302730888128
-0.0110927056521
-0.271868377924
-0.284858196974
-0.0640895888209
0.373279929161
0.237393468618
0.124864794314
-0.103791326284
0.0691785365343
-0.24561226368
0.0864907801151
0.00782937090844
0.0333656258881
-0.274273842573
-0.0513692200184
0.26371768117
0.0489736013114
0.374590933323
0.144823610783
0.0444210320711
0.362639665604
0.0677697733045
0.0688199400902
0.00489003397524
0.147982805967
-0.194730907679
-0.129259616137
-0.0584446042776
-0.181300982833
0.269231230021
0.0204848255962
-0.190579518676
-0.179703086615
0.0758434981108
0.207836955786
0.265456289053
0.170661494136
-0.0566997267306
-0.0231354925781
0.26149520278
0.0580386295915
-0.198942154646
-0.0125696305186
0.117000430822
0.200428441167
0.317319095135
-0.225795462728
0.325373977423
-0.117520101368
-0.00614406168461
0.246919363737
-0.210936024785
-0.139024764299
0.295433998108
-0.177206352353
0.284278661013
-0.214794412255
0.0925241112709
-0.0386575646698
-0.280112057924
-0.190759912133
0.0649102255702
0.0271800812334
-0.13412886858
0.198285371065
-0.223202541471
-0.114491723478
-0.121384084225
0.113078325987
-0.289953112602
0.178826600313
0.275134801865
-0.313633739948
-0.396792560816
0.591823518276
0.331346154213
-0.250308066607
-0.106366127729
-0.133361160755
0.169925630093
0.0983704030514
0.329505294561
0.184488162398
0.0727986246347
-0.10067871958
0.181098148227
0.0934266671538
-0.0995802730322
-0.0759921148419
-0.100799053907
-0.119131907821
0.245052114129
0.112791217864
-0.186565205455
-0.384745806456
-0.0521686337888
-0.0960686504841
0.0584516748786
-0.172110214829
0.0210970509797
0.129370048642
0.264989048243
-0.132048711181
0.283757805824
-0.0966258719563
-0.263851463795
-0.187544673681
-0.198481619358
0.267867833376
-0.34619513154
0.118356019258
0.079019755125
-0.240139365196
0.359346181154
-0.544794082642
0.298158228397
-0.14707557857
-0.201534092426
-0.00145525531843
-0.158235341311
-0.221395507455
0.272300034761
-0.256507694721
0.149144411087
0.210726335645
-0.112569458783
0.232830658555
-0.129266217351
0.0760324075818
-0.0299935061485
0.0274547394365
0.217342674732
-0.187906175852
0.385955125093
-0.170162782073
-0.0804687291384
0.131350189447
-0.0340032242239
0.189774647355
-0.185611560941
0.257199048996
0.216500371695
0.0957501381636
-0.246096089482
0.0649734064937
-0.138856083155
0.250487118959
-0.118160791695
0.0223646350205
0.0239806771278
-0.0283133368939
-0.25110155344
0.0160934682935
0.355143249035
0.120296649635
0.126881659031
0.0987646654248
-0.179174140096
0.259613245726
-0.075815372169
-0.00681065674871
0.354782760143
-0.447558552027
-0.0435440391302
-0.281184285879
-0.0433923602104
-0.112396895885
-0.110973730683
0.120217904449
-0.0219652783126
0.105817340314
0.0598181374371
0.01839177683
0.111426867545
0.635525047779
0.317388266325
0.175892367959
-0.149589762092
0.144444972277
-0.0452049672604
-0.0316041298211
0.249998152256
-0.184210091829
-0.210588499904
0.292080283165
0.360589146614
0.0953749492764
0.212436810136
