0.0680342912674
-0.0307441931218
0.106407806277
-0.0195001233369
-0.00430049048737
0.0248462744057
0.0690809935331
-0.0483193919063
0.00135959626641
-0.0430365875363
-0.0773556306958
-0.116378583014
-0.0190509650856
-0.0113819008693
0.0532104484737
0.0974162891507
-0.0160355344415
-0.13456274569
0.0535372011364
-0.0376506708562
-0.0292845219374
-0.0186279620975
-0.0256441440433
0.0178386606276
-0.0277682300657
0.0224252920598
0.0168970171362
-0.00376890460029
0.0425416268408
0.0677105858922
-0.0513555295765
0.0227633602917
-0.0807769671082
-0.0393575392663
0.0818467214704
-0.063585832715
-0.0513722933829
0.0756920576096
0.0574912577868
0.0447029098868
0.192330405116
-0.0164375640452
0.072737917304
-0.00380308437161
0.00496081449091
0.00155404605903
-0.0487897545099
-0.0206340458244
0.0256360452622
-0.0648053362966
0.000267657131189
-0.0763538181782
0.0177453886718
-0.1152818501
-0.0214574150741
-0.00301705324091
-0.00648333644494
-0.000659447978251
0.00396198499948
0.178919747472
-0.0172850303352
-0.00613826559857
-0.0292745064944
-0.0570967718959
0.0763779059052
-0.00404034089297
-0.102327749133
-0.0953795462847
-0.0136518729851
-0.0658302903175
-0.0782269537449
-0.0362271144986
0.0166676156223
0.0880261808634
-0.104552179575
-0.018263803795
0.0705104991794
-0.0359756499529
-0.01953038387
-0.0279246531427
-0.0200416482985
-0.0165450833738
-0.0333089157939
0.0407025739551
0.042556848377
0.0268592964858
-0.127872005105
0.121046751738
-0.0217587389052
0.150938227773
0.00714284041896
-0.0553897991776
-0.0176969096065
-0.0856255888939
0.0668607577682
-0.0906545445323
-0.02246613428
0.0105098132044
-0.0210189260542
0.0712884962559
-0.0840538740158
-0.0208017360419
0.0250243935734
0.0213447716087
0.0798230469227
-0.155729010701
-0.0944874286652
-0.0671899989247
0.0180968325585
0.0160942450166
0.0124600436538
-0.0421035736799
-0.077763736248
-0.0688403472304
0.00119979062583
-0.0560108684003
0.109574958682
0.101516626775
0.0214213486761
-0.0233599245548
-0.115672118962
-0.0376086048782
-0.107605226338
0.0578030385077
0.0252639036626
0.0682718753815
0.0438850075006
-0.0210937429219
-0.0656122118235
0.0402859896421
0.0522112101316
-0.0755646452308
0.00637942133471
0.0511322245002
-0.0421414077282
0.0175599027425
0.032550368458
-0.0372958146036
-0.0696148276329
0.0177670773119
-0.086027123034
0.0413273945451
0.0304864197969
0.0845162793994
-0.0369834266603
0.012616513297
0.0274999979883
0.00174611643888
0.0557246021926
-0.0488437861204
0.064982123673
0.0283664315939
-0.139187306166
0.0194103140384
-0.0435108207166
-0.0627269074321
-0.0615367591381
0.0391178578138
-0.0444433838129
0.0373507142067
0.0361122228205
0.0963031724095
-0.109286606312
0.0408517420292
-0.0643734633923
0.21313379705
0.110418848693
-0.0433563441038
0.0125997122377
-0.0480659790337
-0.16245380044
0.0212035570294
-0.0223020259291
0.0928431302309
-0.0594411343336
0.0816997736692
0.105907119811
-0.10611858964
0.0619263201952
0.103748939931
-0.018599126488
0.0380339212716
0.00452926754951
-0.0746878013015
0.0450593940914
-0.0694041699171
-0.189911678433
0.031251244247
-0.007977636531
-0.00498448312283
-0.0296038910747
0.0655016377568
0.00480883335695
-0.0189395416528
0.0682664290071
0.0181712955236
-0.0979471430182
0.150363907218
-0.0287271849811
-0.0490491650999
0.0594666264951
0.0235593337566
-0.00953706540167
0.0416451506317
-0.0326174385846
-0.041296236217
0.111927516758
-0.0806080847979
0.0815688073635
0.0109375165775
-0.0094582401216
-0.0435384735465
-0.108560010791
-0.00283735478297
-0.0398625731468
-0.0186859406531
-0.0680878683925
-0.12187872082
0.090042874217
-0.0779223069549
-0.0112777650356
0.084865540266
0.0264699030668
-0.00818505324423
0.0555848702788
-0.0029771188274
-0.0556000098586
0.126660063863
-0.0649736374617
-0.0181508045644
0.0586019940674
-0.060770444572
-0.02231435664
0.103502370417
0.107130743563
-0.0528175570071
-0.0907074436545
0.0442973710597
-0.0336437858641
0.0012275435729
0.123017780483
0.0318368673325
0.148550525308
0.115775294602
0.148021668196
0.00784878153354
0.0544127225876
-0.119435578585
-0.0486051812768
0.0884122699499
0.0668973773718
-0.10560335964
0.0715485811234
0.107153996825
0.0189688261598
0.0984588637948
-0.00597557611763
-0.09485103935
-0.0975059568882
0.0276268813759
0.096526876092
0.0630120635033
-0.0126055302098
-0.0305950529873
0.0359155312181
0.00174440199044
-0.0447712168097
-0.0729165151715
0.107779562473
0.0169087909162
0.0510044507682
-0.146614417434
-0.00908951181918
-0.0403903797269
-0.005644521676
0.00443770783022
0.0285701304674
0.00433551939204
0.0297077521682
0.0744781494141
-0.0160661097616
0.0304037798196
-0.0418540611863
0.109362430871
-0.0383750759065
-0.047774605453
-0.101748384535
0.0942185297608
0.0691230148077
-0.0490812733769
-0.0594755932689
0.00349717680365
0.0248979106545
-0.0928297489882
-0.00937233027071
-0.06310531497
-0.0380728170276
-0.0171685870737
-0.0333474390209
0.0876943841577
0.000496087770443
0.06928088516
-0.0821696966887
-0.0592907182872
-0.0229362193495
0.0612258948386
-0.0720329061151
0.0401383712888
0.0137278363109
0.0169923882931
-0.0266790091991
-0.0267676003277
-0.000809409073554
-0.0650343745947
0.0105506153777
0.173031076789
0.119114615023
0.0257541779429
0.00802957918495
0.0387202948332
-0.011167678982
-0.0556382574141
0.01079366263
-0.0291739031672
0.0964970216155
-0.0579268448055
0.102276861668
0.0319194085896
-0.0627642050385
-0.099229156971
-0.0428058318794
0.0650729313493
0.105533704162
0.00281416298822
-0.0541520155966
0.0596641525626
0.0312210004777
0.0432091988623
-0.0528973601758
-0.113557182252
-0.0428766869009
0.0523428209126
-0.0467370636761
0.0155928125605
0.0491598658264
-0.0401876941323
-0.000701401382685
0.0154426731169
-0.0988209471107
0.107641026378
0.0266005694866
0.0731466412544
-0.00435291463509
-0.000697432667948
0.157754987478
-0.0694921538234
-0.109247602522
0.0272234622389
-0.088169708848
0.0193646512926
0.0919028893113
0.0612996704876
-0.0153605155647
0.0989312306046
0.0110015356913
-0.121217139065
-0.0502289906144
-0.0104092685506
0.0418701432645
0.0398310124874
-0.0412893295288
0.0232529025525
0.0309008378536
-0.00339655485004
0.0779416114092
0.101895734668
-0.13776563108
0.000360040663509
-0.0235700141639
0.0565622895956
0.0104266079143
0.018203260377
-0.00657254317775
0.0333762690425
0.111600227654
0.00339667708613
-0.10601169616
-0.121250942349
-0.0161673109978
-0.0441805832088
0.0105306562036
0.0267229154706
-0.104345738888
0.0163485053927
-0.136289358139
0.081343665719
0.0591180101037
-0.0416711233556
-0.129185557365
0.0313206575811
0.0309233553708
0.0149883087724
-0.0421600155532
0.0511504635215
-0.0089018214494
-0.00262209773064
-0.0357045978308
0.0726065263152
-0.0497291497886
0.0514779798687
-0.0235816389322
-0.0710677653551
0.123008459806
-0.0112030729651
0.00779343908653
-0.0029256734997
0.112094320357
-0.0548433102667
0.0587215684354
0.0253818184137
-0.0132183535025
0.016752704978
0.117647618055
0.00679096207023
-0.0479945987463
0.141024500132
-0.107822179794
-0.0174923613667
-0.0373112857342
0.00146297202446
-0.0817591920495
0.0411600843072
-0.0360497236252
0.0622580088675
-0.146518975496
-0.0127371521667
0.00100516946986
0.0533273741603
-0.0401091016829
0.0299980323762
0.00943866744637
-0.0441190712154
-0.0741608738899
0.0178761780262
0.00379639794119
-0.0220740437508
-0.0275675207376
-0.0421959422529
-0.114014275372
0.00547700282186
-0.0507936403155
-0.0546964816749
0.0209254212677
-0.0384011678398
-0.0298249013722
-0.0390565879643
0.134631827474
0.00197870493867
-0.0661857202649
-0.0884304642677
0.0262034311891
-0.055584423244
0.0430564619601
0.00461659673601
-0.037769459188
-0.0802645906806
-0.0143501888961
-0.0172015093267
-0.04338362813
-0.00340119632892
-0.0950907245278
0.0634016320109
0.123046770692
-0.00402185227722
0.13762140274
-0.0428055487573
0.0681636855006
0.0436825416982
-0.00195070565678
0.0249047242105
-0.0155346980318
-0.0126141961664
-0.0375218763947
-0.0224952641875
0.0215671919286
0.119860976934
0.0305669568479
0.00495618348941
-0.098299279809
-0.0458518490195
0.0721669271588
-0.0887861922383
-0.0580492168665
0.00984832830727
-0.0271049235016
0.0592808648944
-0.0268983617425
0.0583616159856
-0.0102211935446
0.0750222206116
-0.131116956472
0.156676620245
0.0509539544582
0.0109569700435
0.0630973726511
0.0169315934181
-0.070621907711
-0.00972048938274
0.0323367640376
-0.094594411552
0.176170170307
0.0186259839684
-0.0425190702081
0.0480766184628
-0.0498572029173
-0.0230020880699
0.108020782471
0.0716811493039
0.0437168926001
-0.115207314491
0.00671340012923
-0.0878424271941
0.000961444166023
0.0122632849962
-0.0481132790446
-0.028732413426
-0.00907493755221
0.0954508185387
0.0605124346912
-0.0611082613468
0.0644247084856
-0.084917165339
-0.037479493767
0.0415855832398
-0.0584960393608
0.0127295991406
-0.173328325152
0.0016717890976
-0.0266474336386
-4.31719054177e-05
-0.136831194162
0.0375399552286
-0.0746702626348
-0.0173177160323
0.0150085277855
0.136529535055
-0.0109138395637
-0.0705551430583
-0.0429583154619
0.075705550611
-0.063048735261
0.125820025802
-0.0502890348434
0.0744213834405
-0.033644426614
-0.00404566247016
-0.00835429504514
0.0862835794687
-0.0414258539677
-0.0801719427109
0.0513079613447
-0.225002735853
-0.0755277425051
0.0268366150558
-0.0166399441659
0.051389940083
-0.106362715364
0.144397497177
0.0375244729221
0.123691096902
0.0579062439501
0.0239219162613
-0.166977792978
-0.13967397809
0.0545000173151
0.18630695343
-0.0110305417329
0.127848789096
0.0283291190863
-0.007769852411
-0.0122779738158
-0.0613726340234
-0.0393919758499
0.0023692746181
0.0811205580831
0.0904798060656
0.0972055569291
-0.0567221194506
-0.00999865494668
-0.117079094052
-0.000709739513695
0.0904187783599
0.0192264318466
-0.0729477480054
0.0386969260871
0.119913801551
-0.0116154477
-0.0292855929583
-0.124690234661
-0.00211297813803
0.130995854735
-0.103210881352
-0.0592389404774
0.115815609694
0.00517112575471
-0.0230878572911
0.0494482591748
0.0538797304034
0.0205682516098
-0.132183402777
-0.0633286312222
-0.0149065861478
0.11879067868
-0.0529958605766
-0.0656303688884
-0.0843175202608
-0.0798071548343
-0.0304119214416
0.0155590260401
-0.0183523185551
0.00091980927391
-0.116661846638
-0.0830105394125
0.116288974881
-0.013983361423
0.0391867607832
-0.0383718460798
-0.000236607011175
-0.094202786684
0.134951636195
0.0531691983342
0.00139614264481
-0.0659615546465
0.0353695228696
0.0527871511877
-0.0445642396808
0.0882539600134
0.0259097144008
0.0416744314134
-0.0841296464205
-0.00285566574894
-0.0283569786698
-0.0233799777925
-0.0760408118367
-0.100532852113
-0.0233771484345
0.0847094729543
0.0818692147732
-0.0325408019125
-0.0255800075829
0.0542681626976
-0.0133667206392
-0.0842643007636
-0.0554859563708
0.159367874265
-0.0550923347473
0.0596777684987
0.0835596397519
-0.0479309670627
0.081126101315
0.133605092764
-0.104399040341
-0.0820791348815
0.136185362935
-0.0332806222141
-0.00677303411067
-0.0725914984941
-0.00154961331282
0.0289259757847
-0.0220163911581
0.00537822535262
0.023408414796
0.0482719801366
-0.0280739143491
0.0858650878072
0.0883163809776
-0.0208188965917
-0.00132068165112
0.0713589340448
-0.0167397111654
-0.00462784571573
-0.0858114287257
-0.0333225131035
-0.0602590292692
-0.0261444821954
-0.0108030084521
-0.0468864552677
0.0575912669301
0.00456577958539
-0.0929059758782
0.0333566889167
-0.0181935541332
-0.00212910631672
0.0292911753058
0.0589949153364
0.015063627623
-0.00109532708302
0.0618219971657
0.0522469133139
0.0625535845757
0.0298177693039
0.0265659987926
0.0934635922313
0.00484402058646
-0.0215845871717
0.0889020487666
-0.00674654217437
-0.0322790145874
0.0100689539686
-0.0273645557463
-0.0536489374936
0.139371037483
-0.0296626556665
-0.0577705428004
0.00148099171929
-0.0469042137265
-0.0656363517046
-0.0495213158429
0.0323431156576
-0.0963446348906
0.0491855666041
-0.0571371689439
0.0451236739755
0.000683078309521
-0.0182732194662
0.0336353704333
0.0635493099689
-0.147917464375
-0.0376685410738
-0.0600797720253
0.1273008883
0.0010381952161
-0.0275710951537
0.00089698843658
0.010117909871
0.00259231682867
0.0907416120172
-0.0233223158866
0.0911559760571
0.00604312261567
-0.0645084530115
-0.00104719412047
0.0403141863644
0.0422434546053
0.069497808814
0.0616373792291
-0.071216121316
-0.0460719540715
0.149982571602
0.0670727938414
0.0499924682081
-0.0555516369641
0.0568730682135
0.117620587349
0.0639615058899
0.00085408432642
0.0326699465513
-0.0376760885119
0.0748195871711
0.00895386375487
-0.050835005939
0.0313474796712
-0.0758512243629
0.0542188175023
-0.057502862066
-0.158503726125
-0.0327972695231
0.0499279871583
0.00844570621848
-0.110906474292
0.0888061523438
0.13047914207
0.00883454922587
-0.0902531296015
-0.0608416050673
-0.0417554341257
-0.0294307973236
-0.0336980223656
0.0422820523381
-0.0137030184269
0.0366360060871
-0.0871221721172
0.158690735698
-0.00748090259731
-0.0427928827703
0.107816502452
-0.132413238287
-0.0943368598819
-0.0456158407032
-0.0309963580221
0.0251190233976
-0.057859018445
-0.079146027565
-0.0252282544971
-0.0288793910295
-0.0362093709409
0.0195966344327
-0.0609590932727
-0.0367155410349
0.0496129542589
-0.033176522702
0.104142338037
-0.0152720082551
0.126103550196
0.0546571388841
0.0172875858843
0.0243168286979
-0.0192270968109
0.0568882338703
0.0210405290127
0.113909080625
-0.140761703253
0.0573978610337
0.0709509253502
0.112932220101
-0.0234275143594
-0.0554835088551
0.0339748598635
0.0194546002895
0.0889572948217
0.0253043361008
-0.0102374814451
-0.0270123165101
-0.0134052205831
0.060808237642
0.0340636782348
0.0944389104843
-0.0118254665285
-0.0494111329317
0.0280939638615
-0.0391837731004
-0.131548479199
-0.0135742817074
0.0607598461211
0.101016819477
-0.0300094094127
0.0523987412453
-0.0171374436468
-0.0185747537762
0.13651445508
0.0789735093713
0.115927830338
0.0848750248551
-0.0265103802085
0.0602937228978
-0.00577395269647
-0.024414319545
0.121928811073
0.0687067806721
0.0234659984708
0.0435993485153
-0.086238950491
0.00706319138408
-0.133744046092
-0.0579080171883
0.0969475284219
-0.0981238931417
0.0211378913373
0.066389657557
0.0376264117658
-0.0127705391496
-0.0279977098107
0.0799602419138
-0.0101803615689
0.0232883542776
0.0348872281611
0.00679603638127
0.0614908263087
-0.00682650925592
0.105808317661
-0.00345486216247
-0.0206037219614
0.0937558114529
0.0513292737305
-0.0484239608049
-0.0642981305718
0.0408832244575
0.0769101157784
0.0921772196889
0.0734714791179
-0.0344812087715
0.0171781573445
-0.0761323198676
-0.0463250055909
0.123597458005
0.0351301990449
0.0923615545034
0.137964785099
0.0220715142787
0.00398591533303
-0.126689776778
-0.0158544629812
-0.0732749328017
-0.0580945611
-0.00232585170306
0.0384852960706
-0.0372920148075
0.0508330985904
0.00286722835153
-0.0219243075699
0.118613764644
-0.02225410752
-0.0379262566566
0.0173624716699
-0.0425651222467
0.044450070709
0.0189542993903
-0.10440967977
0.0759583562613
0.0628583282232
0.0598202645779
-0.0698801279068
-0.00711809284985
0.167023286223
0.0304832477123
0.0799763053656
-0.0258808042854
0.0326707474887
-0.00112390087452
-0.0533327870071
-0.0359846539795
-0.0152190560475
-0.0941304787993
0.122623085976
0.0702359676361
-0.0117856143042
0.0749992281199
0.0394841879606
-0.0885055288672
0.0415802486241
-0.014367358759
-0.0516610778868
-0.0054289130494
0.14122530818
0.0682768896222
-0.066583365202
0.0593857802451
-0.0632000043988
0.025294713676
0.060188062489
0.0173042602837
0.0718007907271
0.0828057080507
0.0116583798081
0.0465560331941
-0.0954039618373
-0.0369796082377
-0.097920589149
-0.0554814636707
-0.00888687185943
0.0455894097686
-0.12618175149
-0.012951455079
-0.0208402052522
-0.065481685102
0.0281532462686
-0.0083195110783
-0.121321700513
-0.0151378968731
0.0762166231871
-0.0252521168441
0.0162958316505
-0.180128499866
-0.0712827071548
-0.0314174890518
-0.136538743973
0.0595012642443
-0.0321188233793
0.0667444989085
0.0240026526153
-0.179053664207
-0.0599465891719
0.0429990254343
-0.018158659339
-0.0301275663078
0.0328098572791
-0.055500280112
-0.0140667092055
0.0569025427103
-0.0400460213423
0.050724260509
0.0916655361652
0.0669024586678
0.103582255542
0.100862234831
-0.0638467296958
-0.00583221856505
0.0913697853684
0.00643210252747
-0.0336622707546
0.0404501929879
-0.0228706952184
0.0908456891775
-0.144077122211
0.042916059494
-0.137842521071
0.0149011239409
0.0217809546739
-0.0672854334116
0.0308543015271
0.127667799592
-0.115109182894
0.126361846924
-0.0918360874057
0.145519137383
0.0526721924543
-0.0256450902671
0.0753554403782
-0.0412123166025
0.157294884324
-0.13318797946
0.142132997513
-0.115723319352
-0.0369933471084
0.113414444029
-0.0110707031563
-0.0801285356283
0.0876554623246
0.0875517427921
-0.132085561752
0.0485946685076
0.0741724073887
0.0488931015134
0.0357453003526
0.0930673032999
0.0806507319212
0.0393170230091
-0.114737555385
-0.0834524929523
0.0486672818661
0.0683782100677
0.196239024401
-0.093756005168
-0.0728759169579
-0.153249233961
0.0854234695435
0.0179576016963
0.0174596868455
-0.0622167475522
0.126831755042
0.0663134753704
0.0640497878194
0.017892004922
0.0159482620656
0.0392098203301
0.105564497411
-0.0933270007372
-0.0616060197353
-0.0178495645523
-0.0239852722734
0.0224712565541
-0.17019328475
0.0234148539603
0.0929760411382
-0.090079843998
-0.053173057735
-0.00743296742439
0.0271099992096
-0.0490713194013
0.0838534012437
-0.054036770016
-0.0510002858937
0.0314816050231
0.0268030166626
0.0507946275175
-0.096827045083
-0.100088939071
0.0527574568987
-0.0132686421275
0.0535890497267
-0.0956204906106
-0.0404718704522
0.0019553154707
0.0279858540744
-0.027557566762
-0.0496621467173
0.113717831671
-0.000525181822013
-0.0911793261766
0.047447104007
-0.0605916418135
-0.0678119212389
0.0433266833425
-0.0572688132524
0.00118307431694
0.0247493032366
0.199467495084
-0.00883873179555
0.0367085635662
-0.151221558452
0.0245705023408
0.119343802333
-0.0592300891876
0.0653326436877
0.00372087792493
0.0371459573507
0.0528514608741
0.0454913154244
-0.0669592097402
-0.037450004369
-0.165487483144
-0.0876686573029
0.0651744753122
-0.035576581955
0.0784224122763
-0.0384824387729
-0.0708344578743
-0.125454798341
0.0360304936767
0.044930383563
-0.0542839989066
0.015906535089
0.10992128402
-0.0240463092923
-0.161715596914
-0.135711491108
0.0706385448575
0.0238222759217
0.00622320640832
-0.026848712936
0.0206569973379
0.0249971617013
-0.0270111020654
0.121531449258
0.123461052775
-0.0122738275677
0.0790141299367
-0.113013394177
-0.112042725086
-0.0246249418706
0.00602523284033
-0.0296292882413
-0.0726247504354
0.0295485649258
0.015974689275
0.16718070209
-0.0810116231441
-0.0930992141366
0.0806920006871
0.0157834514976
0.0408138781786
-0.0505455434322
0.0094687063247
-0.0188887529075
0.126711323857
0.0131539367139
0.0250898823142
-0.0331411883235
-0.0144636519253
0.103038139641
0.0246206000447
-0.0906187295914
0.0750170722604
-0.0712955147028
0.0347819253802
-0.139958798885
-0.0777129158378
0.0180527567863
0.0959303230047
-0.0775273144245
0.0319107063115
0.0843139737844
0.0347392857075
0.0251507125795
0.078964188695
-0.158340826631
0.113453961909
0.0725758597255
-0.0279629770666
-0.00616090511903
0.0720152184367
0.211995407939
-0.041865631938
-0.0894436016679
0.0408839359879
0.0816539600492
0.243481174111
-0.0855443254113
0.00210071448237
-0.0040975632146
-0.0406269133091
0.0876715555787
-0.141597613692
0.0203834939748
-0.0721007958055
0.0813091695309
0.0287556499243
-0.0354338362813
0.0611891411245
0.0812672376633
-0.11970064044
0.0436055250466
0.108261905611
-0.0806551575661
-0.0762846842408
0.0596120990813
0.0194148216397
-0.264134794474
-0.0294725559652
-0.0856522396207
-0.0769443288445
0.191134899855
-0.110838584602
0.0894104316831
-0.0300682093948
0.0063750827685
-0.0562779270113
-0.00495091499761
-0.000918779114727
-0.0402092002332
0.0128807621077
-0.109242275357
0.0803396701813
-0.0222206152976
-0.0113745229319
-0.0010901974747
-0.0946240276098
-0.0555232018232
0.106243111193
0.0400598496199
-0.0560320876539
-0.00192066351883
-0.0502314008772
0.0965070575476
-0.018611015752
-0.0144821815193
0.00362157286145
-0.111440233886
-0.0583867914975
-0.0733044147491
0.044333204627
0.0683924630284
-0.0424587801099
-0.134575486183
0.00515269534662
-0.0685888975859
0.068807028234
-0.0430385284126
0.0240063276142
0.0619149878621
0.00640294561163
0.121183894575
0.111496306956
0.0943705365062
-0.0046297069639
-0.0684963315725
-0.0645956546068
-0.0738156959414
-0.0889938771725
-0.00565974833444
0.0234978161752
0.0133211202919
-0.0125824091956
0.0903153195977
0.0123252244666
0.109494075179
0.0156714711338
-0.0415541082621
0.0664335787296
0.0342785567045
0.0499561652541
0.00778715731576
0.084606193006
0.0161613393575
0.0898783951998
-0.104147411883
0.0685270652175
0.0205122064799
-0.0279968958348
-0.0656647980213
-0.152918979526
-0.0779415369034
0.00522828986868
0.0811681523919
0.0608451925218
-0.0446490868926
0.0889916792512
0.233058720827
-0.0279251970351
0.160846620798
0.0607675202191
-0.127358198166
0.0568278208375
-0.175009012222
-0.0518709681928
-0.11800468713
0.0274556167424
0.00225712102838
0.125011071563
-0.00648382818326
-0.0500644259155
0.116812102497
0.0617378912866
0.0907001569867
0.00375856622122
-0.0310884546489
-0.0399035066366
0.0798814445734
0.0353997908533
-0.154229819775
0.131919503212
-0.122196950018
-0.121042720973
-0.0753047391772
-0.0278180409223
-0.0873823836446
0.0152138099074
0.0255107283592
0.0622954554856
0.048328589648
-0.191729024053
0.193381696939
-0.0458997823298
-0.026446307078
-0.0873054638505
0.0512776337564
0.0222110208124
0.0168589763343
0.119355291128
0.200736775994
0.0350503958762
0.0218353047967
0.012739838101
0.0195411518216
0.12406270951
0.0621577017009
-0.0197299551219
0.050831079483
-0.215693816543
-0.0449312403798
-0.0226267725229
0.0929928645492
0.108106210828
-0.00411232467741
0.00799783691764
-0.00442307582125
-0.0583958290517
-0.0537163056433
-0.0305101312697
-0.0207591298968
-0.00850407592952
0.0713049769402
-0.0290124919266
-0.0396518371999
0.0991519391537
-0.0897359997034
-0.134336963296
-0.212996393442
0.0288803260773
0.0145869068801
-0.012928889133
-0.0283507388085
0.0483403615654
0.017470959574
0.0700257495046
-0.00304658245295
0.0135103864595
0.0121876308694
-0.194009020925
-0.0743609592319
-0.0115749491379
0.0440956540406
-0.0833836495876
-0.0774131789804
-0.084335744381
-0.00304427114315
0.10984043777
0.0473351739347
-0.0151215046644
-0.070631146431
0.0324643328786
-0.175411760807
0.033337187022
0.0296972263604
-0.0126718617976
-0.00434329174459
0.077047303319
0.0375174619257
0.056372217834
-0.0412605106831
0.0918303132057
0.0529030449688
0.0167841035873
-0.0560939386487
-0.0834100320935
-0.0707536116242
0.0273331683129
0.0283369459212
0.031358346343
0.0301902927458
-0.0683489814401
-0.00746283307672
0.0186278969049
-0.082858376205
-0.0382241718471
-0.115505039692
0.0034410005901
0.0399760268629
-0.217276915908
-0.0208490658551
-0.0705376118422
0.0965622290969
0.0126119107008
0.0616442151368
-0.0350217409432
0.00514642195776
0.0970818772912
-0.130850270391
-0.131666168571
0.0718010738492
-0.147776842117
0.0381759516895
-0.0723262354732
0.0936103537679
0.0320113524795
0.0142832584679
-0.00183426192962
-0.0161675550044
0.0330330841243
-0.0667996704578
-0.0672212094069
0.0756469070911
-0.0400443635881
0.165660947561
0.0101830083877
-0.090080268681
-0.219640478492
-0.00114490860142
-0.154425680637
0.0375912450254
-0.0398731678724
0.0592315346003
0.0950521752238
0.0324406065047
0.0590040534735
0.0628140345216
0.0226173754781
0.0254238843918
0.0542347803712
-0.00903121195734
-0.0472652129829
-0.080606803298
0.0881316512823
0.105115450919
0.00941128563136
-0.00188455940224
-0.0187826212496
0.0108831813559
0.103023588657
0.0672288239002
0.0637710988522
-0.0953591614962
0.0878714993596
0.0172935519367
0.101776070893
0.0270724892616
-0.0635931640863
-0.00810286216438
0.211543604732
0.0328876823187
-0.0673219189048
0.0365466997027
0.00671638734639
0.129094466567
-0.0361978560686
0.0471259988844
-0.0478417985141
0.0238381959498
0.0917153656483
-0.0754206702113
-0.102485530078
-0.00143914669752
-0.0455280095339
-0.0370907112956
0.0302758384496
0.0370480343699
0.116475597024
0.0141770383343
0.0713201910257
-0.00182145833969
0.0308415405452
0.00176100607496
-0.085685312748
0.0136462412775
-0.0378046259284
0.0996329113841
-0.0472040697932
-0.00839334633201
0.109183184803
-0.0305299218744
0.117007881403
0.108910389245
0.120592221618
0.0493552573025
-0.0294390711933
-0.18120393157
0.0845185592771
0.033325176686
0.0545706748962
0.165721520782
0.122791931033
-0.145399183035
0.0319990292192
-0.0962270945311
-0.094898737967
-0.0428840145469
-0.0191795285791
0.0180022828281
0.0355463139713
0.259933978319
-0.0474197268486
0.137098833919
-0.0622625313699
0.0209577232599
-0.0437333919108
0.036178637296
0.0805166438222
0.201770216227
-0.0656186640263
0.121021792293
-0.126429468393
0.0509146675467
0.227248951793
0.0292487833649
-0.0397134870291
-0.0464910827577
-0.0299739763141
-0.119530208409
0.0304102320224
-0.032826911658
-0.0265372879803
-0.0875393673778
0.0128662986681
-0.0755082368851
-0.0508209019899
-0.0699051097035
0.0611979924142
-0.126716941595
-0.153133392334
-0.0415527708828
-0.135344177485
0.000793110870291
0.0554061308503
0.00218084547669
0.00895293802023
-0.125399559736
-0.000645631691441
0.0959067493677
0.0128492750227
0.0804279819131
-0.0128166601062
-0.0464694164693
-0.0380993932486
-0.01308624167
0.0403689555824
-0.0636330470443
-0.0455252937973
-0.111873321235
0.030333198607
-0.0536170676351
-0.0446359850466
0.065670773387
0.0413609929383
-0.02011388354
0.0092231426388
0.0252865888178
0.0927274897695
-0.0840835273266
0.0180892590433
-0.0283616203815
0.124550782144
0.0838636606932
0.0294528193772
-0.0499285161495
-0.0242791138589
-0.0401007011533
-0.0160528309643
0.0316345915198
-0.048121329397
0.0702453702688
0.0190282426775
0.125855892897
0.0765527933836
0.0969370007515
0.0514843277633
-0.0904815346003
-0.133797690272
0.0807051584125
0.0231354497373
-0.114237122238
-0.126649320126
-0.0900015234947
0.0346733182669
-0.0605036281049
0.0259871203452
-0.122561879456
-0.00299409078434
0.0732435807586
0.190832599998
-0.0244004949927
0.0970772951841
0.142251804471
-0.0618981570005
0.0409586057067
-0.0973836928606
0.108770087361
-0.0176968611777
0.0408124364913
0.0828670412302
0.165385589004
-0.0261741671711
0.0118846772239
0.0983525514603
-0.0662060678005
0.0774655789137
0.144488185644
-0.109200298786
-0.0553223825991
0.0112575506791
-0.0421796031296
0.0751568675041
0.11583995074
0.0772991403937
-0.0691528990865
-0.0674156472087
-0.0354171507061
0.00606552278623
0.0250360108912
-0.0213260967284
-0.138129711151
0.0686746165156
-0.12365925312
0.0819121524692
-0.086743094027
-0.0129766035825
0.0206560026854
-0.0722360312939
-0.0998656451702
0.0745911747217
-0.0742959231138
0.0733084604144
0.111569598317
-0.0777223110199
-0.136558130383
0.133578777313
-0.0244482606649
-0.111529454589
-0.0925604477525
-0.0304690897465
-0.0808570310473
-0.107956707478
-0.0220711603761
0.136952593923
0.0872090980411
-0.00348498718813
0.0862059220672
0.189487203956
-0.0557686425745
0.0486029461026
0.0494609028101
0.0343301519752
0.0397870652378
0.133646965027
-0.0646196454763
0.0142754409462
-0.0752109661698
0.0775888487697
-0.098594635725
0.0154898911715
0.0757986456156
0.11367726326
-0.0407873615623
-0.032710429281
-0.0254573784769
-0.0264945942909
-0.0840067863464
-0.0552173517644
0.0369616448879
-0.0531047768891
0.0844881162047
0.0466353930533
-0.0543025620282
0.0310922060162
-0.134632349014
-0.0156552344561
0.0129193793982
0.0968875735998
-0.0496713295579
0.0610572546721
-0.00687589729205
-0.0400308556855
0.0347491167486
-0.0862247869372
0.1368919909
-0.0261074285954
0.0234563164413
0.0998460128903
-0.191923588514
-0.065170481801
0.00220428477041
-0.0429552383721
0.117181502283
0.00927132088691
-0.101616330445
-0.000319362647133
0.033471390605
0.128103464842
0.0843671932817
0.0114826206118
-0.0510324127972
0.053174328059
0.0295063238591
-0.0134208314121
0.171745344996
-0.0529712438583
0.0137831922621
0.0781218111515
-0.039482858032
0.0654893964529
-0.0294126234949
-0.115863867104
0.0102504948154
0.0542530044913
0.0304007660598
0.147437483072
-0.0676999017596
-0.112652592361
-0.0908821746707
-0.071572996676
-0.0368320830166
-0.145648375154
-0.0190848466009
0.00472251418978
-0.132401794195
0.0890958979726
0.0541584454477
0.0323866717517
-0.0246146321297
0.0176865532994
-0.0570437312126
-0.127309888601
0.122371718287
0.130056738853
-0.1279476583
-0.0163771379739
-0.116043776274
-0.04809255898
-0.0317017696798
-0.0144091984257
-0.0297909211367
-0.0817119553685
0.0850690677762
0.206998080015
0.0679207742214
0.0412254184484
-0.0659541338682
0.021136417985
0.0217965450138
0.0786693841219
0.0294742453843
-0.1084600389
0.0177162140608
0.0188842453063
-0.0513878203928
-0.0452818609774
-0.142862439156
0.0712427198887
-0.0714161992073
0.0201003234833
0.0108679868281
-0.0515747703612
0.0890286639333
0.0773287266493
-0.0955051779747
-0.0415443070233
-0.0527562610805
-0.0299640689045
0.0811483487487
0.0947346165776
-0.00147158931941
-0.0607850290835
-0.0219028946012
0.131826356053
-0.079171679914
-0.0387929677963
0.0806978046894
-0.00548403663561
-0.0411766469479
0.0147317713127
0.00657269358635
0.107222467661
0.0781847164035
-0.0327258147299
-0.00661603920162
0.0291991066188
0.110026530921
-0.0160823203623
0.000413902424043
-0.0791735202074
-0.179423570633
0.0509320609272
0.0162363238633
0.121134102345
-0.105744086206
-0.0935402661562
-0.0577380880713
0.0459829829633
0.0873441845179
-0.0274425912648
0.0926441773772
0.104052722454
0.140157774091
0.0562321431935
0.0623591020703
0.0581723488867
-0.0600548945367
-0.0310621019453
0.116604998708
-0.119688488543
-0.0543132573366
0.0285572465509
-0.00292283203453
0.0105196693912
0.018506186083
0.038053356111
-0.133280664682
0.031478561461
0.0795394182205
-0.0570001751184
-0.142240017653
0.0162980202585
0.053105250001
0.0714503079653
-0.1668959409
-0.0747193321586
0.0366422571242
0.112184263766
0.0530969388783
0.0518951788545
-0.113286562264
-0.0313593298197
-0.142445206642
-0.0782571732998
0.0007609181921
0.0599099323153
-0.0385505892336
0.0604134574533
-0.0317747928202
-0.100655533373
-0.0742982551455
0.011718721129
0.15845477581
-0.133493587375
0.103846110404
0.00835467688739
0.0140106603503
-0.127171725035
-0.0309637002647
0.1630731076
0.0851672366261
-0.0348987951875
0.128326833248
-0.0675367638469
-0.0627057850361
0.0362570174038
0.153322532773
-0.0137899341062
0.0645581185818
0.143918290734
-0.0342395491898
-0.00686654634774
0.0714482143521
0.0138270743191
0.0934612229466
-0.151622459292
-0.0709183812141
0.0991086661816
-0.00186935032252
0.0425628684461
-0.0676724165678
0.00731635512784
0.0106272622943
0.00789967738092
0.0380579344928
0.0211310405284
0.0158058591187
0.0647337660193
0.121262602508
0.0748427882791
0.0156348589808
0.130281120539
-0.0238477755338
-0.0835022032261
0.0189161840826
-0.13891415298
0.0670561343431
-0.00770190032199
0.0646353214979
-0.264307200909
0.00359457917511
0.0851663798094
-0.103892296553
0.0940507426858
-0.0270842276514
0.0209119468927
-0.11227350682
-0.00990100670606
-0.0143361613154
0.0625887513161
0.0278222113848
0.0841557011008
-0.0817435756326
-0.0559249036014
-0.0372535437346
-0.0322409123182
0.0725749060512
0.09128279984
-0.0124903889373
0.0174661371857
-0.0867500156164
0.036056548357
0.00914196390659
-0.03981237486
-0.0572422780097
0.0620513781905
0.0240992195904
0.14480471611
0.00918530393392
0.00837960653007
-0.0383031591773
0.0881466493011
0.0584454089403
-0.0914953947067
0.0893104225397
-0.012990985997
0.0197349917144
0.0227626040578
-0.106411039829
-0.0659861192107
-0.0475114732981
0.0540521629155
0.0911496207118
0.0213560368866
-0.0646091029048
0.0157718062401
0.00338451517746
-0.128534898162
-0.00278040743433
-0.0652064010501
-0.0930519998074
0.0559380725026
-0.0586083196104
-0.0715242996812
0.00515852821991
-0.0602318495512
-0.125309765339
0.0820199847221
0.0566928125918
0.00318155041896
-0.00435315584764
0.186469137669
-0.0246435776353
0.0269676186144
-0.113691151142
-0.00440330756828
0.0531069785357
0.0272241421044
0.00665078265592
-0.0924421772361
-0.0403455272317
0.184454441071
-0.079726703465
-0.0785807445645
0.115714877844
0.0191285982728
0.0882843881845
-0.0107945650816
-0.0690397247672
-0.0333627834916
-0.0418295264244
-0.0596653670073
-0.0928678810596
0.0886830613017
-0.157564371824
-0.0180790554732
-0.0503302365541
-0.125112190843
-0.00998067483306
-0.110156856477
0.00676437001675
-0.0527673177421
-0.151939615607
-0.1401553303
0.138144373894
-0.00506300572306
0.0845839306712
0.0117890266702
-0.0281876213849
0.0373713523149
0.00120356876869
-0.0539210066199
0.0455905981362
-0.06894467026
0.0651538968086
-0.0478156879544
-0.0141169484705
0.0705169141293
-0.0296259783208
-0.0362226553261
-0.14866887033
0.0752153322101
-0.122867397964
-0.0368513427675
0.0178470797837
-0.0236674025655
-0.0789529457688
-0.0397747270763
-0.0676108971238
0.0337214358151
0.0384710356593
-0.14706838131
-0.0509208552539
-0.0879924446344
0.0211778599769
-0.000815884734038
-0.0537219271064
-0.0254270005971
0.166434973478
0.0293839406222
-0.0215676836669
0.16886036098
-0.0607078932226
-0.0158271696419
-0.0512553080916
0.0730635598302
0.0500429645181
0.00331167154945
0.0342640690506
0.013846218586
-0.0372018404305
-0.120547249913
0.0408565215766
0.0280459355563
0.0368218310177
0.0886963829398
0.0134969474748
-0.0144904181361
-0.033437423408
-0.0928464904428
-0.0666460469365
0.189874812961
0.1608196944
-0.0909355953336
-0.0156425852329
0.0576686486602
0.00531750964001
-0.039065439254
-0.0743710547686
0.0167810209095
-0.110278189182
0.0470299869776
0.0458370484412
-0.0430531203747
0.0504745207727
-0.0738945752382
0.0163201075047
0.114477269351
0.025083405897
0.0548828616738
-0.0472136512399
-0.0640684738755
0.0295487251133
-0.0877883508801
0.0739085525274
0.0967599749565
-0.025175223127
-0.0536874718964
-0.0239894837141
-0.0721872970462
0.0501190014184
0.0250234492123
-0.057145062834
0.0936275795102
-0.0543934442103
-0.0972126275301
-0.099051065743
0.134918749332
0.0110818790272
0.102554365993
0.082269102335
-0.0116071905941
-0.111767522991
0.033548835665
0.038832180202
-0.0525891110301
0.0087668299675
-0.0741971731186
-0.0946495905519
0.00107640062924
-0.0531093142927
-0.0141716031358
-0.0904513299465
0.0737296566367
-0.0722169056535
0.0779683738947
0.103635504842
-0.0295043066144
0.0522017814219
-0.0602570213377
-0.179227858782
-0.0199185218662
-0.0268642622977
-0.012412359938
-0.144976451993
-0.0138654755428
-0.130224809051
-0.0963429063559
0.0908806994557
0.016073949635
0.00518467370421
-0.0423676408827
-0.157912388444
-0.0186077598482
-0.0226726327091
0.0313766300678
-0.00992444995791
-0.0991348922253
0.0312006026506
0.0222639590502
-0.0708389729261
-0.0328331515193
-0.0576492361724
-0.130763843656
-0.0639492422342
0.0340149477124
-0.0830705761909
0.116334624588
0.0923863947392
0.00932261627167
-0.100351318717
0.0625632181764
-0.0131813716143
0.0961509644985
-0.0483682826161
-0.125990018249
-0.0180036053061
0.0163466520607
0.0224699750543
-0.0285451915115
-0.0209822580218
0.108247809112
0.123166829348
0.00162845011801
-0.00624823290855
0.034245532006
0.0592174492776
0.0415584184229
0.123825445771
-0.0690442696214
0.00889504142106
0.00254526059143
0.0468765981495
0.0600020550191
0.0861627236009
0.0432717502117
0.0919194296002
-0.0692682638764
-0.121020898223
-0.115939252079
-0.0180681813508
0.0581419616938
0.0754833444953
-0.0653919950128
0.0679544061422
0.0992414876819
0.0169589370489
0.0719737783074
0.0238702837378
-0.0465989112854
0.0923928543925
-0.0058673187159
-0.0542554184794
0.01938864775
0.175223693252
0.0524594523013
0.051315639168
-0.0474811010063
0.116520196199
0.0449556708336
0.158650293946
0.0862848460674
0.0203382745385
-0.0181605629623
0.0726962909102
5.62941313547e-05
-0.0467478632927
-0.174975931644
0.0639033764601
0.177668377757
-0.0647022351623
0.0319982916117
-0.120285898447
-0.0348554812372
0.0303610097617
-0.0842479914427
0.0156207531691
-0.107347868383
-0.049561817199
0.0279302950948
-0.00730892829597
0.0997552797198
0.014611213468
-0.0635470673442
-0.104036040604
0.19560700655
-0.0310648772866
0.0649925619364
0.0297297276556
0.0317509956658
0.0265469923615
-0.0628350898623
-0.0260497033596
-0.0460714437068
-0.00834505353123
-0.00956767890602
-0.11526106298
0.100507169962
0.0650148168206
-0.0319104455411
-0.116930052638
-0.0957898795605
0.0546235926449
0.0522096343338
-0.111415281892
-0.134887635708
0.0125102186576
-0.0778450667858
0.021989222616
0.0658442974091
-0.0730604603887
0.0319328308105
-0.010137649253
-0.0936400741339
-0.0393312871456
-0.10620367527
0.0476000346243
0.0112672671676
0.00598586257547
-0.00289788423106
0.0484407581389
0.0889125540853
0.037342030555
-0.0920802280307
-0.0497885942459
0.0381974056363
-0.0407323651016
0.0274269916117
-0.0313938371837
-0.0453350506723
0.0215380378067
-0.0761000216007
0.0230673830956
-0.0185135155916
0.0601477734745
0.0610197596252
0.138682976365
-0.0309580415487
0.0361260920763
-0.0303724445403
0.110060408711
-0.00964741315693
-0.00036078930134
-0.0260337851942
-0.0869487002492
-0.0179136712104
-0.0260288380086
0.0207531936467
0.0342381335795
-0.00884333997965
0.0516213104129
-0.00249838503078
0.0249165054411
0.00915582850575
-0.0388275720179
-0.0466228835285
-0.0520000495017
0.111918337643
-0.00767029868439
-0.0761935338378
0.0523245260119
-0.0911270976067
-0.0929608568549
-0.0442232973874
-0.0803663358092
0.0376337692142
-0.0358279235661
0.0551540739834
-0.0419657975435
0.0833555310965
0.095915697515
-0.0418457873166
0.0693541020155
0.0625085681677
-0.00458281952888
0.0923635214567
-0.0642510205507
0.0694522410631
0.00372520973906
0.0260672681034
-0.0275403354317
-0.128084763885
-0.132204636931
0.000542124849744
0.11763869971
-0.0904632136226
-0.101121671498
-0.0330727174878
-0.0222797263414
-0.0333535820246
-0.0679334923625
0.00163971155416
0.0650007873774
0.0612881407142
0.0104246325791
-0.00364378537051
0.0653643682599
-0.0569314695895
0.0775081813335
0.158734858036
0.045448474586
0.083761677146
-0.186237722635
0.0511226765811
-0.00615920731798
0.0341033823788
-0.00136704859324
0.178188532591
-0.0619661733508
-0.00201679742895
0.155381917953
0.0183726083487
0.124337211251
-0.0785447731614
-0.0936362221837
0.0580067411065
-0.110246166587
0.050554137677
-0.0392672084272
0.0627375394106
-0.0489025972784
-0.00793607719243
-0.123186320066
-0.088372528553
-0.120179347694
-0.0458711348474
0.112722314894
0.137558832765
0.00214841915295
-0.0460038930178
-0.00545856589451
-0.0214809272438
0.0327658988535
-0.0430504903197
0.103961877525
-0.0650863498449
-0.0801998525858
0.0798915848136
-0.047040656209
-0.0485264696181
-0.0359338894486
0.0533663369715
-0.0327404402196
-0.0639725327492
-0.0428672023118
-0.163715600967
-0.0743188112974
-0.0263084862381
-0.059536293149
-0.0848316624761
0.0046472302638
-0.0829169377685
-0.0766661688685
0.0673598647118
-0.0653244480491
0.00870671495795
-0.00241067353636
-0.0816155523062
-0.0650324597955
-0.0146021023393
-0.0540277846158
0.0123755494133
0.115168005228
0.0274281464517
-0.0120996218175
-0.00234350305982
-0.135058820248
0.0168888960034
0.0586132109165
0.200466498733
0.00728476373479
-0.0887791737914
0.19759632647
0.0140222134069
-0.0592483878136
0.0171015039086
-0.0594912208617
-0.0562280192971
-0.146313875914
0.215614050627
-0.0213076863438
0.120596185327
0.0989415794611
0.105909176171
0.132021561265
-0.0324823111296
0.0526788681746
-0.184538573027
0.0072373249568
0.0689506605268
-0.174993917346
0.0168384965509
-0.103153266013
0.00998202245682
-0.119202367961
-0.0355931781232
-0.00675292499363
0.00108427042142
-0.0451467074454
0.00602931436151
-0.0578521601856
0.0732482150197
-0.0115103945136
0.00435243872926
-0.0306731164455
0.0433947332203
-0.12203514576
0.097551420331
-0.0136143760756
-0.113406024873
-0.0812617614865
0.0539611876011
-0.0824143216014
0.0966888144612
0.0975927859545
0.0572386980057
0.0193054080009
0.0853285118937
0.073556303978
0.212237328291
-0.234816640615
-0.0912761539221
0.10536570847
-0.100032657385
-0.00426684040576
0.0318982489407
0.127627968788
-0.121612563729
-0.0653574317694
-0.0560130923986
-0.0316982492805
-0.139522746205
-0.0593977496028
-0.104106962681
0.103628434241
-0.0212204195559
0.0718046799302
0.0414862856269
0.0325569473207
-0.0156276766211
0.129509747028
0.0586077161133
0.0345845259726
-0.0139883840457
0.0526324547827
-0.0127422083169
-0.101277977228
0.0133922249079
-0.0328372791409
-0.0789833590388
0.036652110517
0.039131462574
0.00924329645932
-0.00598045438528
-0.0220406576991
-0.113547831774
-0.0308764819056
0.078085757792
-0.0176592878997
0.0898709744215
0.0870342254639
-0.0293929856271
0.180931583047
0.0965611413121
-0.0267448518425
0.0326877534389
-0.0286670438945
0.0549603961408
-0.0456416942179
0.0475760996342
-0.104898020625
-0.0571519248188
-0.151412308216
-0.0424815826118
0.0455894246697
-0.0436760038137
0.0359591841698
0.0803030133247
-0.00665426487103
-0.0174657814205
0.0568110048771
0.0156216165051
0.0915257707238
0.0560867860913
-0.0381779447198
-0.042756959796
0.0749350860715
-0.0807877406478
0.047893576324
0.0809335187078
0.12562187016
0.0817354694009
-0.00491766771302
-0.0413823537529
0.0454051867127
0.0726678967476
-0.120364062488
-0.117893628776
-0.0469241552055
0.108998119831
0.0557519383729
-0.176198959351
-0.0248255059123
0.110895425081
0.00310367601924
-0.0206033289433
0.141316637397
0.00207354896702
-0.105411358178
0.0339611582458
-0.0551426745951
-0.00785839743912
-0.0491477288306
0.0390653945506
0.0228308476508
-0.00276517309248
-0.0563086904585
0.0210363883525
0.0434945300221
0.0950632914901
-0.0426942035556
0.0412293039262
-0.0680787116289
0.0494018383324
0.07068259269
0.0333660170436
-0.0327003225684
-0.0130514120683
-0.0727207735181
-0.0337220206857
0.00995175167918
0.0487276278436
-0.0470609851182
0.00770580861717
0.0238491632044
-0.0147959152237
0.07594756037
0.0549098625779
0.0597849227488
-0.0598345175385
0.00971835013479
0.0986523851752
0.0420057214797
0.0904835537076
-0.0741368532181
0.0381368771195
-0.0532498024404
0.0303173549473
-0.0144353620708
0.016174601391
-0.132399737835
-0.0269969943911
0.0085735861212
-0.113143332303
-0.0221086554229
0.0716870725155
-0.0740302428603
0.0373805239797
-0.202243700624
-0.0661282762885
-0.0531572364271
0.038179859519
-0.000398749456508
-0.064857698977
0.142163738608
0.0648785084486
-0.0851956605911
-0.0103998603299
-0.0935350432992
0.13714595139
-0.0166915506124
-0.0128102954477
-0.163201197982
0.0752855762839
0.09619884938
0.0647534355521
-0.127573758364
0.0243051759899
0.0500407703221
-0.0370454192162
0.068595983088
-0.0411419309676
0.0273510925472
-0.116516575217
-0.000530165911186
0.0384398363531
0.249390572309
-0.0531778112054
-0.160101950169
0.00332475500181
0.0329062379897
-0.0200453530997
0.154456749558
0.0480514205992
-0.0950736925006
-0.0650542601943
0.0520070455968
-0.066214568913
0.0258530061692
0.0412829183042
0.187405973673
-0.126880884171
0.108152300119
0.175692349672
0.0833909586072
-0.028388435021
0.0212002880871
-0.0904195904732
0.0513523332775
-0.127017632127
0.0825196355581
-0.0840148255229
0.0714892596006
-0.0444485656917
0.120471857488
0.020126434043
0.112984918058
0.0237103104591
0.0301759727299
0.0689062327147
0.125322967768
-0.0642066597939
0.0247749742121
-0.0113076660782
0.11088129878
-0.0878153219819
0.112692065537
0.022706521675
0.0184618756175
-0.0777301192284
0.0433362200856
-0.206136330962
-0.0758335143328
0.0645376890898
-0.0192629862577
0.0697238147259
-0.186486795545
-0.0906179621816
-0.010823414661
0.00239975447766
-0.0188741739839
-0.124464854598
-0.0778234377503
-0.0250158943236
0.0397107489407
-0.0342162102461
-0.00258144154213
-0.0627891719341
0.0895247012377
0.0260983612388
-0.0191370490938
-0.0194552075118
0.00289712985978
0.149973452091
-0.0814729854465
0.0566013939679
-0.0407419241965
0.112905062735
0.0605270080268
-0.00741227297112
0.122177258134
0.0113170510158
-0.020155498758
-0.0408280603588
0.0602274499834
-0.0311529301107
0.00936071574688
0.079268231988
0.0811354219913
0.0419263541698
-0.0192138329148
-0.0529679693282
0.0574883446097
0.143547698855
-0.0690990835428
0.0784755200148
0.0542966797948
0.0403355620801
0.0888098999858
0.107639759779
-0.00400083884597
-0.00776375364512
-0.156426459551
-0.0582662038505
0.0233317837119
-0.14688141644
0.0209578555077
-0.177012845874
-0.00941040087491
-0.0456375703216
0.0181179307401
0.06526619941
0.0946203544736
0.15808840096
-0.0726362019777
-0.000156979702297
-0.02605734393
0.0945425406098
-0.0691767930984
0.0142980366945
0.00972152967006
0.035783354193
-0.0907414332032
-0.0751334428787
0.140135899186
-0.140693634748
0.0185017548501
0.0958509594202
-0.0605377033353
-0.0159879121929
0.00626759650186
-0.0422158539295
-0.0139324245974
-0.142982646823
-0.0835365876555
-0.0711811855435
0.10474896431
0.167985796928
0.154649749398
0.0274462979287
-0.00208437303081
0.0681392475963
0.00380357122049
-0.0594357810915
0.0100538209081
-0.0917867720127
-0.0264915507287
-0.0421255081892
0.0354353263974
-0.00516478810459
0.0227651260793
-0.0486512556672
-0.119983747602
-0.116731867194
0.0655750930309
-0.0915816053748
-0.0351077690721
-0.0654628276825
-0.0222933515906
0.0120337074623
0.0249912980944
0.0852213576436
0.0763485431671
-0.106977067888
0.0543300099671
-0.107831530273
-0.0528232678771
-0.0429582633078
-0.0307219773531
0.0376386232674
-0.0724076852202
0.152086660266
0.0714863315225
-0.108874924481
0.0432551503181
-0.0395400337875
-0.128260701895
-0.0470201820135
0.0704984813929
-0.153813943267
-0.0873344391584
0.0121462792158
-0.0203327219933
0.00843215361238
0.0516561232507
-0.0590126998723
-0.035959623754
-0.0593178085983
-0.0407460741699
0.0392397381365
0.100929617882
0.0924369767308
0.0380727835
0.0630084201694
0.0170514881611
0.0400406569242
-0.0534170903265
-0.0124108530581
-0.116608887911
0.113235749304
0.01438366808
-0.0826752334833
-0.181625142694
-0.00496230693534
-0.123188473284
0.0507652163506
-0.106605350971
-0.0330884940922
0.00520827341825
0.0387072525918
0.0271188989282
0.0556335411966
0.109165243804
0.090483494103
0.0218665003777
-0.0709983333945
-0.0128468172625
0.0970043614507
-0.0324404463172
-0.140248194337
0.0767615586519
-0.151258140802
-0.104144312441
-0.0685490891337
-0.0758525207639
-0.00650451146066
-0.0261367000639
-0.136584222317
-0.0622576884925
0.00670674210414
-0.014963587746
0.0281733404845
-0.0885407328606
-0.0371070876718
-0.0637312829494
0.0298834759742
0.0766876265407
-0.114940218627
-0.00105364085175
0.0654612332582
-0.118282884359
-0.0126404147595
0.0574753209949
0.0691100358963
0.106304049492
-0.083601474762
0.192523151636
0.00312212365679
-0.0612326711416
0.047197882086
-0.0427617058158
-0.0138366203755
-0.00844993907958
0.068772405386
-0.115945741534
0.0634802356362
0.0759733095765
0.000978914671578
0.0667233169079
0.0487684495747
0.0280886776745
0.108496807516
0.155782744288
0.00789157766849
0.0912959203124
0.159353300929
-0.0523444898427
0.12126224488
0.0122663397342
-0.0395523570478
0.00346617423929
0.114612862468
-0.00395553791896
-0.0281301531941
0.0793698951602
-0.100331038237
0.126607790589
0.0267320126295
0.141627565026
0.0182510204613
0.0453812070191
0.0490936078131
0.0699369236827
0.11088950932
0.18483248353
0.159252345562
0.0285271573812
0.0364178232849
-0.143408328295
0.0555000901222
0.0378092303872
0.029895728454
0.100888065994
0.123194389045
-0.00965674966574
-0.00425547640771
-0.132110238075
0.0161244124174
0.000161948541063
0.106466777623
-0.083706907928
0.0108558600768
-0.0435463562608
-0.0697209313512
-0.0640610158443
0.0271668266505
0.107322983444
-0.0208022072911
0.0175475683063
-0.112687632442
0.0202463697642
0.0265685170889
-0.0294925384223
0.0343311615288
-0.0500519163907
0.0371651537716
-0.0118213715032
0.137562945485
0.180636674166
0.217265769839
-0.0815152004361
-0.0376060605049
-0.0305850636214
0.0419845953584
-0.0536926500499
-0.00662016216666
0.031045133248
-0.00293782027438
0.0963058024645
0.201747655869
0.0628909245133
0.00307801016606
-0.0621616877615
0.0391461998224
0.0228241980076
-0.0634290277958
0.043255340308
0.116216391325
-0.128548026085
-0.0676939412951
0.127294838428
-0.114677779377
0.114486627281
-0.151752620935
-0.0182857532054
-0.0443492941558
0.0151774147525
-0.0381443239748
-0.102888278663
-0.0679613351822
0.127321138978
0.144271612167
-0.0359324067831
0.132869720459
-0.0360831357539
0.0203716363758
-0.0764492452145
0.0450444668531
0.0302756689489
-0.10667642206
-0.0448214262724
0.0231320206076
0.019057424739
0.170854091644
0.0108512211591
-0.12266779691
0.0346442647278
-0.0724684149027
-0.0737204328179
-0.00934992637485
-0.0244738291949
0.0516905747354
0.100238412619
0.0600071810186
-0.0998004749417
-0.0551847703755
0.00593634974211
0.026915082708
0.030242126435
-0.0186594408005
0.00199460564181
-0.0169205386192
-0.0828720480204
-0.0164852757007
0.0825979411602
0.025397233665
-0.0454135090113
0.0425925068557
0.0231649614871
-0.0219236593693
-0.03871646896
-0.152105376124
-0.0627070888877
-0.0229192823172
-0.0665626376867
-0.0162829868495
-0.0501502156258
0.134286776185
-0.0340930819511
-0.126305878162
-0.0846388936043
-0.0210578031838
0.0209815595299
0.0749359577894
0.0527651682496
-0.0287055242807
0.00220865360461
-0.076408199966
-0.10965641588
-0.140405982733
0.049746721983
0.0524379909039
0.114397883415
-0.00220596720465
-0.0171056073159
-0.106388732791
-0.0685117021203
-0.0586399883032
-0.0896594524384
-0.0530320256948
-0.00962639134377
-0.11631064862
-0.0250653829426
0.0533093176782
0.100532062352
0.0896938592196
-0.043129555881
-0.0525403171778
0.0309256371111
0.173731401563
-0.0224561262876
-0.0750861465931
0.0255026686937
0.00958744715899
-0.0130674913526
0.0336719155312
-0.0979619696736
-0.0092342607677
0.165335282683
-0.050682477653
0.0247231200337
0.0887379571795
-0.0719189420342
-0.0827594399452
-0.106026113033
0.0205437000841
0.00298187718727
0.0551645196974
0.133159771562
0.0423655286431
0.126711979508
-0.00970199145377
-0.0140920057893
0.00451669702306
-0.0528221391141
-0.0235378853977
-0.0186359342188
-0.113993674517
0.0861849412322
-0.0140772676095
-0.0714562684298
0.124393716455
0.00453074695542
0.0377558916807
0.0457136854529
-0.0568454749882
-0.0174367409199
-0.044712010771
0.0238028448075
0.101583629847
-0.11021169275
-0.0252362880856
0.0303956493735
-0.092946909368
0.0918145403266
-0.028268031776
0.0240599177778
-0.111826166511
-0.0400873199105
-0.0625873431563
-0.149858891964
-0.0800259560347
-0.00915177352726
-0.0182454809546
0.00920011196285
-0.000214627856622
0.0740430131555
-0.0034222509712
-0.0171652063727
-0.116260133684
-0.139091968536
-0.0244225990027
-0.0678314566612
-0.0390516854823
-0.11272007972
-0.0276584941894
-0.0142070977017
0.0469161048532
-0.125160887837
-0.0167501773685
-0.0235148649663
0.00311913900077
-0.0230866689235
-0.00601399410516
0.151161536574
0.143550693989
0.0210011061281
0.0782480612397
0.0182807873935
0.0111121507362
0.032933704555
-0.0704173147678
-0.0933869332075
-0.103140726686
-0.0451434515417
0.043392971158
-0.0741130188107
-0.0925151705742
0.0826294794679
-0.083178550005
-0.00496605783701
-0.10988920927
-0.0993291586637
0.0439787320793
0.0614059641957
-0.039049167186
0.126221746206
0.0383049212396
-0.0835392475128
0.0290860421956
0.0648601874709
0.0295924153179
-0.0435560010374
0.0405382514
0.0573031827807
0.00959706213325
-0.0866663753986
-0.0309438630939
-0.0980594456196
0.0307337790728
-0.0434662923217
0.0505603589118
-0.0405229665339
-0.0693514123559
-0.104079633951
0.0405483730137
-0.17280754447
-0.0337491519749
0.120445430279
0.0134210865945
0.0417064540088
-0.0932229608297
-0.157469317317
0.00515319546685
0.00861691590399
0.0180520955473
0.0719511136413
0.0439198277891
0.0967197865248
0.0372134819627
-0.0850326791406
0.121639184654
0.0580921024084
0.0342909656465
0.0533545948565
0.0838615372777
0.0662753582001
-0.00147067743819
0.0534743629396
-0.0104021858424
0.00195299717598
-0.0346467196941
-0.047170214355
-0.069201618433
-0.0732805654407
0.0652685463428
0.0305470693856
0.0156791526824
-0.0405415557325
-0.0169400945306
-0.107411883771
0.0570233874023
0.0612164251506
-0.053476113826
-0.0330237597227
-0.0746211335063
-0.0283057522029
0.0975442677736
0.165906041861
-0.000565147551242
-0.0342523381114
-0.121687121689
-0.0711932256818
-0.0080949421972
0.0511073283851
-0.0275206249207
-0.00782906357199
-0.0237634032965
0.0471826642752
0.0229106526822
-0.0331729464233
-0.0445428974926
-0.0950407907367
0.0667013153434
-0.0148683767766
0.163258239627
0.0407448783517
-0.0350300706923
0.102190718055
-0.102781921625
0.0342238210142
0.00257656304166
0.139905378222
0.00714837480336
-0.0630948469043
0.0292843859643
0.0465568415821
-0.120551489294
0.057627890259
0.0682343915105
0.0449653305113
0.109037101269
-0.0614274069667
0.0237149819732
0.0824890881777
0.0882193595171
-0.0172897875309
0.166109263897
-0.0463214479387
-0.110832132399
-0.0324617214501
0.0531202815473
0.0507677458227
0.0227216687053
0.0323830321431
0.0396388061345
0.046923995018
0.0131353624165
-0.0539736524224
0.0335719399154
0.020771747455
-0.0242844596505
0.0986173376441
-0.141466841102
-0.0706868842244
-0.0371229350567
-0.019209260121
-0.00316115142778
0.0318462848663
-0.0897896587849
0.0530643090606
0.120370417833
-0.0106359515339
0.00590763613582
-0.0817161500454
-0.132288962603
0.136883422732
-0.0154636865482
-0.0161239393055
-0.0527997873724
-0.0880152657628
-0.0284512005746
0.032836124301
0.0121406689286
0.0178827010095
0.0499838702381
0.0491766743362
0.0402894802392
-0.0444916933775
-0.014120830223
0.0272875633091
0.0890740156174
0.137294203043
0.101812668145
0.0650630518794
0.0523930937052
-0.0184551887214
0.0596649572253
-0.00941517390311
-0.100375212729
-0.0747008100152
0.0239188615233
-0.165019586682
0.043202791363
-0.0270170532167
0.00852464232594
-0.121622756124
0.0805728211999
0.0664754062891
-0.086488135159
-0.00259358459152
0.00768167059869
-0.0412254519761
-0.027291668579
-0.0952823609114
-0.0427209921181
0.0596218332648
0.00994190387428
0.045493144542
-0.0718922093511
-0.0696377679706
0.00688524544239
-0.158008098602
0.0161762852222
-0.0897821187973
0.127475187182
-0.0171961057931
0.0191484745592
0.00325973425061
0.0852226987481
-0.0500472076237
-0.0294656734914
0.0552395619452
0.0287062264979
-0.0770718827844
-0.0799162611365
0.0428078770638
0.00980540830642
-0.0573175251484
0.0617398358881
0.0307107418776
-0.0963617116213
-0.00600530952215
-0.195411577821
-0.0502833425999
-0.158818140626
0.0554832220078
-0.0318457633257
-0.038242649287
0.0543155744672
-0.0719165727496
-0.0213792640716
0.0219291001558
-0.0664584040642
-0.0149325598031
-0.0452048629522
0.00320712476969
-0.140491217375
-0.112757474184
-0.0051140980795
0.00105141929816
0.00208219955675
-0.00216624559835
-0.0185742080212
0.138881832361
0.0226055234671
-0.185742005706
-0.0794267058372
0.0407218672335
-0.029527047649
0.0292571410537
0.00461767194793
0.0269087869674
-0.0497206747532
-0.114257387817
-0.0419478304684
-0.000346947694197
0.0434888713062
0.0237446241081
-0.0221657920629
-0.0328076221049
0.0185425747186
-0.0698110833764
0.0403895936906
-0.0712476223707
0.0502115041018
-0.0305460952222
-0.105562180281
-0.00521684670821
-0.0402993373573
-0.0533355511725
0.0676257759333
0.0506492108107
0.025478284806
0.101185381413
0.0966213494539
0.0113524170592
0.0814488753676
-0.0648861899972
0.0159111153334
-0.0289598163217
0.0264753624797
0.162487968802
0.0605013668537
-0.0162531584501
0.0643809512258
-0.0811463370919
0.0267173517495
-0.0531023219228
0.121907748282
-0.0205617956817
-0.11991737783
0.101992234588
-0.114566393197
0.00264182197861
0.0100411688909
0.0886775702238
-0.075797483325
0.13917696476
0.0485233813524
-0.0406088680029
0.058456722647
-0.0146242845803
-0.0949345082045
-0.119091011584
-0.0476728752255
0.0254891552031
-0.117251761258
-0.0463993661106
0.0101767722517
0.160540506244
0.0436371155083
0.0167855713516
0.0276882965118
-0.0481363907456
-0.0381139852107
0.0975720733404
-0.222267046571
-0.0176083128899
0.0306941028684
-0.00979071483016
0.0687087699771
0.0376384519041
-0.0904076248407
-0.00503961602226
-0.115454696119
-0.0245371516794
-0.0133094005287
0.0244987104088
-0.0411332435906
0.0473559945822
-0.00646378006786
-0.0405676029623
-0.0105776181445
-0.0347107052803
0.0629287436604
-0.104207091033
-0.119043856859
-0.0342601686716
-0.104997120798
-0.102914661169
0.184796616435
-0.0833885520697
0.0900693684816
-0.0491306073964
-0.117340840399
-0.126921012998
0.0379508137703
-0.101497657597
0.0645186677575
-0.0191943719983
0.0121504766867
-0.0473689138889
0.149011835456
0.0363394096494
-0.0723681673408
0.0607111006975
0.0351053774357
0.00890160817653
-0.120367981493
-0.106979936361
-0.199319332838
0.0128617156297
-0.0126182325184
-0.027648139745
-0.114814072847
0.0430962480605
0.158626422286
-0.0285128485411
0.0378969609737
-0.0330244079232
0.033438436687
-0.048699285835
-0.0531483031809
0.0365796536207
-0.0248467028141
0.0618190430105
0.113092020154
-0.00925079360604
0.0885268598795
0.0281228106469
0.0871791616082
0.0170550644398
-0.124650605023
-0.00288015347905
0.0474127978086
0.14761698246
-0.0821875184774
-0.0411981865764
0.0270914938301
0.0451649725437
0.0936613157392
0.172236427665
-0.0780251920223
0.0373816341162
0.0143569121137
-0.0620624609292
-0.0252463445067
0.0108524002135
0.122038684785
0.0827791914344
0.136295333505
-0.100169226527
0.133246555924
-0.00756086176261
-0.0639299303293
0.00684665190056
0.0582543760538
-0.0330281890929
-0.0461800917983
0.00715137319639
-0.15026794374
-0.0240934304893
0.0278199389577
-0.0415971726179
0.00670317467302
-0.104067280889
0.10941170156
0.0503288842738
-0.0158192384988
-0.0256535019726
0.0397120751441
0.0554061233997
0.057613492012
-0.00911001861095
0.00509318616241
0.0276394058019
0.0791814476252
-0.104700393975
-0.0988182872534
-0.0114433085546
0.0637834370136
0.0399926267564
0.0417804419994
-0.0219953861088
-0.0594306215644
0.0971290692687
-0.133741870522
0.127950266004
-0.0473779067397
0.0587211549282
-0.0891681015491
0.0618689134717
0.113426879048
-0.0391456224024
0.0160160269588
-0.0220373347402
-0.0364108048379
-0.168787702918
0.0442045964301
-0.0358730740845
0.0415172055364
-0.134688526392
-0.043589733541
0.0813120603561
-0.0929488688707
-0.0516640469432
0.0229041669518
0.029445592314
-0.000951626745518
0.00930722337216
-0.123587228358
-0.0782588049769
-0.0446612350643
-0.0417327694595
0.179682984948
0.14033664763
-0.0907310917974
-0.0924519076943
-0.060105394572
-0.0192402135581
0.0899265632033
-0.00336296111345
0.0964690223336
-0.0837642550468
-0.0620307400823
0.0332013070583
0.017886377871
-0.0213320720941
-0.0193025954068
0.10859478265
-0.0748782977462
0.190804690123
-0.0592822134495
-0.0356164090335
0.0304588712752
0.10436617583
-0.0824416875839
0.0894047468901
0.0236338507384
0.00388245983049
0.065430983901
-0.0521214790642
-0.0386539883912
0.097634293139
-0.00181725772563
0.0209834966809
0.00596329988912
-0.0294744055718
-0.00213794014417
-0.107825361192
0.0683170258999
0.0335317663848
0.0596652552485
-0.0687888339162
-0.124116890132
-0.0536961108446
-0.00970311835408
0.0481799915433
0.115096747875
-0.00565788848326
0.103926435113
0.00958117283881
0.0524702146649
0.023048998788
-0.12771885097
0.0103698065504
-0.0576002150774
-0.036742657423
0.117622427642
0.0805618464947
-0.0729651004076
0.133358076215
-0.111611276865
0.0629872605205
0.0172922108322
-0.168380588293
-0.0512206330895
0.0949801281095
-0.0075251837261
-0.105763249099
0.109201356769
0.0157957822084
0.00455821398646
0.0549275353551
0.0158356539905
0.0567567460239
-0.0272798985243
0.0673790201545
0.0379063040018
0.0105175431818
-0.108108408749
0.136136323214
0.181654766202
0.0923836007714
-0.0320942029357
-0.0483334325254
-0.00806768145412
-0.172306120396
0.0386428758502
-0.0670387893915
0.144877195358
0.0523818284273
-0.12361869216
-0.0513751208782
-0.0920814424753
0.172981157899
-0.138199046254
0.0556023530662
0.096988864243
-0.0468436069787
0.0783310905099
-0.0394792854786
-0.061955332756
-0.0995136424899
0.0378929078579
-0.00644567655399
-0.138239249587
0.00976359006017
-0.0131036471575
0.0284344814718
0.00148648675531
-0.0426880903542
0.162240222096
0.0525733120739
0.0215785969049
0.0492318123579
-0.159020066261
0.0736933127046
0.000468827201985
-0.000335541641107
0.102713175118
-0.064358830452
0.102130427957
-0.150432884693
0.0775088593364
-0.00778568629175
0.124680288136
0.0265245307237
-0.0532194189727
-0.00837906450033
-0.0257370751351
-0.121541023254
-0.000298715400277
0.0186278689653
0.0509850122035
-0.0602212138474
-0.103161625564
0.0104605471715
-0.103003241122
0.055352512747
-0.0365229547024
-0.0187471229583
0.0686970353127
0.0686136335135
0.126506015658
0.0196962673217
0.110925108194
0.071029253304
-0.0153333125636
0.207791373134
0.0072590042837
-0.102576121688
-0.0735480487347
0.000514930405188
0.0400822535157
-0.0711842998862
0.0768725201488
-0.0562712885439
-0.0493391416967
0.116000540555
-0.00932820141315
-0.0171998236328
0.0464853197336
0.101831898093
0.0367169901729
-0.0356370769441
-0.045577775687
-0.0329958423972
0.0560918040574
0.0734087601304
-0.100927129388
-0.0566040836275
-0.0507086850703
-0.0720620602369
0.0692534968257
-0.0951254293323
-0.0504369325936
0.108924180269
0.048932261765
-0.0525977313519
-0.0455070585012
-0.0408727750182
0.0529640167952
0.0210904981941
-0.043743763119
0.0677722543478
0.0309133604169
0.074635758996
0.100250765681
-0.00627172598615
-0.0282712839544
0.0486692339182
0.0674228668213
0.00448346184567
0.105160705745
0.0106540881097
-0.0387376956642
0.00835072621703
0.0109209408984
0.0456417836249
0.0203147940338
0.00759084708989
-0.022337352857
-0.0371405631304
0.0220301300287
-0.016991045326
-0.0633303150535
-0.0656249821186
-0.0189378745854
0.0586818642914
-0.00420797104016
-0.0328166931868
0.0115197170526
-0.0691214054823
0.0516785420477
-0.0346497185528
-0.106133230031
-0.123521499336
0.152488082647
-0.0164694804698
0.034311491996
0.0674569159746
0.0420268177986
0.00271687912755
-0.0494732968509
0.112802058458
-0.0477374792099
0.0050305891782
0.0674436166883
-0.0353073216975
0.130852490664
0.022956116125
-0.0459965318441
0.0262724682689
-0.0533694699407
0.00123900605831
-0.0700651332736
0.089251421392
-0.0530613772571
0.0369236469269
0.0561380460858
0.0226723644882
0.0343323461711
0.00175531010609
-0.031387258321
-0.00847781356424
-0.0646444857121
-0.0813203528523
-0.108758799732
-0.00539050763473
-0.0398354791105
-0.135493546724
-0.00109867297579
-0.0462513454258
0.0348257385194
0.0516538694501
0.00426296330988
-0.00656727189198
0.12400136143
0.00433521205559
0.118151135743
0.115981355309
0.0431621260941
-0.0124863320962
-0.0731109753251
0.0528430566192
-0.0590031407773
0.0201348215342
-0.0624606758356
0.0334565378726
0.0107517689466
0.0844260379672
-0.0132119189948
-0.0247800759971
-0.139965429902
0.163773447275
0.0422059632838
0.0488107167184
-0.0152814146131
-0.0158786084503
-0.0437235534191
0.00602219160646
0.00990355201066
-0.115578815341
-0.056004114449
-0.0991650447249
0.109843708575
0.0546794869006
0.0207576192915
0.00540224043652
0.0331886634231
0.0275301933289
0.0631050989032
0.0696834176779
-0.00748622464016
-0.0860264524817
0.00450760126114
-0.00841484498233
0.0212638583034
-0.0119812935591
-0.059188708663
-0.0618328563869
0.119020022452
0.0788119509816
0.0659440383315
0.102816827595
0.00482042133808
-0.0110149104148
-0.0113679980859
-0.0570405833423
0.021472280845
-0.0248753242195
0.0124453185126
-0.0380979366601
0.0746044889092
0.00405867956579
-0.109303489327
-0.201064363122
-0.0254262313247
-0.118897780776
-0.045793171972
-0.00459487503394
-0.0193398781121
-0.125649228692
0.0135619314387
-0.016255132854
-0.0361421816051
-0.0193627364933
-0.0577158629894
-0.0232700463384
0.103405475616
-0.225210681558
0.032230772078
-0.000201838454814
0.0110595626757
-0.0343964882195
0.13006272912
0.00521459430456
0.0126078082249
0.0921127274632
-0.021368375048
0.0750357508659
-0.0528203956783
-0.00460399780422
0.0602589771152
-0.163806647062
0.143994361162
0.0996195077896
0.0353821031749
0.0871359407902
-0.0664479956031
0.051316767931
-0.0589784085751
0.134065821767
0.0971088558435
-0.0739655271173
-0.0122890835628
0.0703252628446
-0.0145585360005
0.107594393194
-0.0417933613062
-0.0254779905081
0.0471976213157
0.149406641722
0.071461237967
0.00841287989169
-0.010020098649
0.042358674109
-0.00771394884214
-0.0762913376093
-0.0865137651563
-0.0251611433923
-0.146634787321
0.0118987653404
0.0102383689955
-0.0693354979157
0.128746330738
-0.141059264541
-0.120833866298
-0.0436503961682
0.0477456599474
0.0162292402238
0.033848579973
0.0977950915694
0.079296015203
0.0731010362506
-0.00616697221994
-0.0160255730152
0.00224340381101
-0.00727159250528
-0.00881045684218
-0.00686988700181
-0.200054123998
-0.0315766148269
-0.148129910231
0.00483767082915
-0.0421369932592
0.0335402414203
0.106793440878
0.0647518336773
0.0914694070816
0.135048806667
-0.00133014959283
0.0914855450392
-0.036346565932
-0.0462266467512
-0.0261935554445
0.063543587923
0.00793607253581
0.0392682217062
-0.0774793624878
0.142019182444
-0.0986162126064
0.0546419806778
0.095577314496
0.0537158846855
0.0713672041893
0.00188463297673
0.114687934518
-0.00724480533972
-0.00139009871054
-0.113822981715
0.0793820768595
-0.0778459981084
-0.0389266163111
0.043630823493
0.045031093061
0.0312095489353
0.0238016303629
-0.0722343698144
-0.119192406535
-0.191772371531
-0.0198887307197
0.145664796233
-0.0725783333182
-0.0158942956477
-0.156217068434
0.233664721251
0.0264564771205
-0.121994905174
-0.10246950388
-0.0870764553547
0.022335421294
-0.00660129263997
0.0517850294709
-0.000236730644247
0.0104251233861
-0.0809646323323
-0.0549183748662
-0.0165837854147
0.110257580876
0.0437755994499
-0.132450222969
-0.0236684828997
-0.114592850208
0.0204040706158
-0.0784843936563
-0.0155138522387
-0.0619607567787
0.0660252943635
-0.0720276609063
-0.0187458004802
-0.0119897667319
0.194388717413
0.0282457433641
-0.0992147028446
0.0860451981425
0.0703980624676
0.101143747568
0.0391624085605
0.115908190608
0.0192625187337
0.0102712335065
0.0318127013743
-0.0816422179341
-0.156018286943
0.175825104117
-0.0302290357649
0.102360799909
-0.00864091608673
-0.0760838985443
0.0299333948642
0.0438676513731
0.0760041251779
-0.029906751588
-0.00638653850183
0.0392619110644
0.0874489173293
-0.0295413453132
-0.0319658368826
-0.0864618122578
0.139684081078
0.0396547205746
-0.0459441430867
-0.102333821356
0.0594483017921
0.153472796082
0.00251449109055
0.0365961380303
-0.0391459167004
0.109449259937
0.0258968230337
0.100475728512
-0.0198852028698
-0.0195811316371
-0.00741724856198
-0.0589658394456
-0.0600610487163
0.0731966122985
0.0856056660414
-0.0708870515227
0.107114307582
0.0116937374696
-0.0515958182514
0.0682948455215
0.0857292637229
0.14027236402
0.0895309224725
0.0996705964208
0.0173281207681
0.0602150671184
-0.0459029227495
-0.052584156394
0.0269303675741
-0.0515611246228
-0.0437234565616
0.00772294774652
-0.129769742489
0.148096740246
-0.0250918976963
0.0351869799197
0.0809660702944
-0.0282191410661
-0.068145275116
-0.0382056199014
0.018474034965
-0.0103566478938
0.110196880996
0.0233997739851
-0.0208038482815
-0.0475152432919
-0.0540897995234
-0.000780805479735
-0.0155201144516
0.0373853072524
-0.0789017826319
0.014804889448
-0.0186638180166
-0.151008605957
-0.0361707434058
0.0179771240801
-0.00576185714453
0.0078493738547
-0.0133754704148
0.0778241604567
-0.0419448800385
0.0866842716932
0.0238484051079
-0.0540667399764
0.00308120925911
0.142927333713
-0.0498259812593
-0.00843521673232
-0.105053350329
-0.0311041716486
0.0978559181094
0.0279328897595
0.0532848164439
0.0959365814924
0.0842197686434
0.00864924211055
0.0518293119967
0.0526163652539
0.0127053316683
-0.0337444767356
-0.0856297835708
0.041909378022
-0.106527835131
0.0536335632205
-0.00283728633076
-0.0889082625508
-0.0536448843777
0.0996743068099
-0.163498654962
-0.0899013131857
0.0230211857706
-0.0948856547475
-0.118976525962
0.138098075986
0.0275739934295
0.0582463927567
0.0727973356843
-0.00322587392293
-0.144833371043
0.00741112465039
-0.0552725829184
0.0421959981322
0.0267156176269
-0.0146228130907
0.0261685084552
0.0647662580013
0.102310724556
0.0044421874918
-0.0162907019258
-0.0317382290959
-0.124918445945
0.0395788140595
0.0179980378598
-0.0431838557124
0.00527784135193
0.00379636744037
0.0422068908811
-0.103109583259
0.0457996502519
-0.00644517643377
-0.0647334754467
0.1039089486
0.0504340529442
-0.0748895332217
-0.152439236641
-0.114245265722
-0.0765095725656
0.022858409211
-0.0981397181749
0.0313233174384
-0.101960919797
-0.0296849254519
0.0936103239655
-0.134814307094
0.0301838349551
0.0697538405657
0.0306408591568
-0.118466831744
-0.0472481548786
0.0515181533992
-0.0430246181786
0.0503367707133
0.133540093899
-0.0558539628983
0.0425332821906
0.0868048071861
0.0454230345786
0.0633968263865
0.107278294861
-0.171702072024
-0.0112707195804
-0.0773964971304
-0.0289357118309
0.00142951798625
-0.0467641800642
0.0863752365112
0.182318091393
-0.130496755242
0.253991097212
-0.121826566756
0.0646907687187
-0.158080354333
0.0933914706111
0.0580942332745
0.083963572979
-0.069902382791
0.0632786601782
-0.021170405671
0.0226233880967
-0.0245300531387
-0.0809726715088
-0.128418281674
0.00251306593418
-0.0320039503276
0.00830469559878
0.0348672047257
0.0558029077947
-0.050886631012
-0.120767354965
-0.0723611861467
0.0151171404868
-0.0215170029551
0.0907051041722
0.0303218048066
0.00946689210832
-0.0362516790628
0.0450743548572
-0.100452341139
0.0510316155851
-0.0766695737839
-0.0462489388883
-0.0445632897317
-0.0832856968045
-0.079930305481
0.0239261798561
0.0440971329808
-0.0300791040063
0.06011653319
-0.0609972812235
-0.0506952442229
0.120178200305
-0.0139649808407
0.032188501209
0.0523071698844
0.042858351022
-0.119442112744
0.0101216966286
0.232681453228
-0.0776391476393
0.055205848068
0.049285903573
-0.0675367191434
-0.073851056397
-0.106145046651
-0.135107666254
-0.0114926807582
-0.109277442098
-0.194615453482
0.0126281771809
0.019420767203
0.109890960157
0.124851889908
0.0575641579926
0.0491883978248
-0.0250789821148
-0.000622180406936
-0.0178799889982
0.111813344061
0.0863609761
-0.0157095268369
-0.173140287399
0.0418312773108
-0.00189776800107
-0.00463968235999
-0.04253378883
-0.0697155222297
-0.0213953237981
-0.123893737793
0.121764458716
-0.0557011477649
-0.0198733881116
-0.070830732584
-0.0263013523072
-0.0128005985171
-0.0584247261286
0.0416726395488
0.18427272141
0.0306009668857
0.0388972051442
0.0611729621887
0.0442916229367
0.0106234783307
-0.104920484126
0.0749009847641
-0.0411391705275
-0.0545047745109
0.0307364091277
-0.0285333506763
0.0736888945103
-0.182756379247
-0.00911774300039
-0.19010463357
-0.105299241841
-0.0657278969884
0.0118721080944
0.0427215397358
0.119523875415
0.013548983261
0.221385240555
0.163240417838
-0.102948598564
-0.0329578369856
0.0470281168818
0.120717510581
-0.222970023751
0.0178905017674
0.0147365825251
0.110421232879
0.0763614401221
-0.0598649866879
-0.0711958929896
0.110138699412
0.0799576938152
0.0848777666688
-0.0195429008454
0.0352285504341
-0.0599057301879
0.134683638811
-0.0185732208192
-0.0263563506305
-0.120164729655
-0.114234961569
-0.0254782643169
0.00781660433859
0.0183527413756
-0.00575589481741
0.00360732385889
0.0651449635625
0.0462808944285
-0.0795758590102
0.0070639224723
-0.0176730901003
0.00349192763679
-0.0980253219604
0.0455929711461
0.0116272950545
0.121920064092
-0.109883226454
-0.184048116207
0.0590762421489
-0.0413388423622
-0.0563810691237
-0.0970407351851
-0.0696193724871
-0.0955039709806
-0.0414649471641
0.0967329144478
-0.0126640321687
0.108280345798
-0.143099278212
-0.0403831787407
0.0688348338008
0.0631834641099
0.107669144869
0.165599539876
0.073622956872
-0.0600155442953
0.069229863584
0.0627345889807
0.114923529327
0.0302674528211
-0.00983600411564
-0.0602283254266
0.224574804306
-0.0103207631037
-0.0868729129434
-0.152219414711
-0.0959970802069
-0.126178979874
-0.0335655137897
0.11584418267
0.0685071274638
0.0888457670808
-0.114225760102
0.023824762553
-0.0022227561567
-0.0390511006117
0.00397146586329
-0.0263743549585
-0.0990169495344
-0.171149134636
-0.023520424962
-0.0678532794118
-0.0557216778398
-0.0122214742005
-0.0172139834613
0.0687172338367
0.11263551563
-0.100908562541
-0.0672430098057
-0.0298956893384
0.00370535650291
-0.100718036294
-0.0865553915501
0.0605222545564
-0.144314438105
-0.0579109825194
0.0754637941718
-0.156468272209
0.0707323849201
0.0984711274505
-0.09592115134
-0.0804611518979
-0.174073085189
-0.00716232694685
0.119632698596
-0.0599813982844
-0.0435516610742
-0.15583409369
0.0597223006189
0.0738162845373
-0.111694894731
0.0792044326663
0.0659728869796
0.0405387170613
-0.0799322724342
0.00464694015682
0.092447116971
-0.0454026460648
0.165176331997
0.0877381041646
0.014263862744
0.131018385291
-0.159059926867
-0.0516546815634
0.039722263813
-0.0633114948869
0.134350270033
-0.00106335140299
0.120256364346
0.115895047784
0.00626182788983
0.0269480794668
0.0834359824657
0.0860421508551
0.0596083216369
-0.11437921226
-0.0489191226661
-0.0804225280881
0.124388642609
0.122055448592
0.0277430824935
0.018374202773
-0.0432920344174
-0.0692345499992
0.0307672377676
-0.00529926922172
0.0279055405408
-0.027164215222
-0.0543699935079
-0.0751923844218
0.0602691359818
0.0461179092526
-0.138158768415
-0.0986611023545
-0.00922897458076
-0.00149724294897
0.0918319895864
0.0382807999849
-0.0674074217677
-0.00257937982678
-0.00259950594045
0.0126337027177
-0.0294097959995
0.0408290736377
0.0719695240259
0.133054345846
0.0277823843062
0.0969172343612
0.0759471058846
-0.0410505384207
0.0950960963964
-0.112426869571
0.0259770527482
-0.140325531363
0.0723620951176
0.0759149342775
-0.0433390624821
0.0190819036216
-0.0391305983067
-0.0890999734402
-0.0379505977035
-0.0163108762354
-0.0500212311745
0.0568010769784
0.118038795888
-0.0459132865071
0.105919890106
-0.0249730274081
-0.046649068594
0.18055640161
0.065517373383
0.0153900785372
-0.0314307250082
0.0520593002439
0.153582334518
0.0333674326539
0.0676505565643
0.0368561297655
0.0522116906941
-0.0297815855592
0.11665134877
0.0202505998313
-0.0344434119761
-0.0266952440143
0.120971404016
0.00473032705486
0.0243886839598
-0.0430471003056
0.0491483807564
0.0575311668217
0.168489336967
-0.144773185253
-0.031670793891
-0.0610650330782
-0.163183659315
0.128479272127
-0.0708692893386
0.00624984968454
-0.00512107321993
-0.0319188013673
-0.018228430301
0.0882693305612
0.0122694931924
-0.127224236727
-0.0127520374954
0.16475944221
0.0553569830954
-0.0187346469611
0.0625387653708
-0.00589667679742
-0.0209907963872
-0.172887474298
0.00894846022129
0.00491934223101
-0.112843871117
-0.0199864506721
-0.0481394901872
0.144898638129
-0.146148949862
-0.104837268591
-0.0220400057733
0.0600956827402
0.0260405950248
-0.00568121112883
0.0623637698591
-0.0354324840009
-0.104116365314
0.00952978152782
-0.0394854582846
-0.0950002521276
-0.150041803718
0.0615102015436
-0.137536764145
0.135797202587
0.139757603407
-0.158850625157
0.0308946091682
0.00492433644831
-0.0280821342021
0.0772019177675
0.0833873003721
0.0724043920636
0.0856267735362
0.099483512342
-0.0980779826641
0.174860194325
0.0415998995304
-0.0890749543905
-0.115681886673
-0.0546464547515
-0.013792664744
0.0816393792629
-0.0043458561413
0.0634457170963
0.0513339936733
-0.102397575974
-0.197019472718
0.0952580869198
0.13654384017
0.053382255137
0.0453366264701
0.0569740310311
0.033639986068
0.0464689135551
0.127047166228
0.129637867212
0.177949935198
0.0228509474546
-0.0297369025648
-0.0146767860278
0.107426844537
-0.00291292695329
0.137546852231
0.00822063628584
-0.0519121661782
0.0510545410216
0.0679376795888
-0.0293931737542
0.0881147161126
-0.137536451221
-0.0964572876692
0.017936065793
-0.1541108042
0.0454782433808
-0.11287818104
-0.0675116851926
0.0434462800622
0.00319920293987
0.103985249996
0.134263023734
0.0534634739161
0.0246910732239
-0.0788548439741
0.0152077451348
0.0948312431574
-0.118840657175
-0.176709994674
0.0225358568132
-0.0201321300119
0.10794313252
-0.0280525386333
-0.093050904572
-0.0689077377319
0.0326228775084
-0.128854781389
0.0373862832785
0.0879466384649
0.0386927649379
-0.0513807237148
-0.00144946575165
-0.038298651576
0.0114701436833
-0.00542674679309
-0.0149980904534
-0.200537398458
-0.242240980268
0.0630827695131
-0.0380124337971
-0.0826983898878
-0.0856806114316
-0.0714040771127
0.0771809890866
0.0554023049772
-0.155168548226
-0.0341548621655
0.0379843190312
-0.0606675297022
0.0922766104341
-0.0650827810168
-0.0447702854872
0.089156858623
-0.185808330774
-0.111133694649
0.0622383877635
-0.035657979548
0.0917164683342
-0.116504259408
0.129529505968
-0.0628094896674
-0.00398228038102
-0.0525388121605
-0.118066847324
0.113322488964
0.00916490983218
-0.0384143032134
0.0473912730813
0.000898135534953
0.126298710704
-0.0913454145193
0.0570250973105
0.0695811361074
-0.0458258576691
-0.0646629482508
-0.0569225102663
-0.114056527615
-0.00837288703769
0.0259520616382
-0.0391117073596
-0.0580912902951
0.0402497053146
0.153230696917
0.0188359096646
-0.0518784411252
0.0484773181379
0.00958881247789
-0.276355683804
-0.0406551882625
-0.0321609713137
0.00207586423494
0.0708245187998
0.0564887523651
0.163143962622
-0.0526030175388
-0.0308059547096
-0.0932575240731
0.0778713524342
-0.0250105094165
-0.0540167875588
-0.107515357435
-0.0137361828238
-0.0233805850148
0.0696876943111
-0.0210369918495
-0.0352406352758
-0.0298217199743
-0.0248710438609
-0.138598009944
-0.0461793653667
0.0119219245389
0.0988904163241
0.0286474023014
-0.0425835847855
-0.152139291167
-0.0191040690988
-0.0276617575437
-0.107297323644
0.0288743507117
-0.214943349361
0.0443757921457
-0.0456058643758
-0.0614562407136
0.00255809584633
-0.140629023314
-0.0379550009966
-0.0870118886232
-0.117564670742
0.0174281001091
0.00835213251412
-0.0847087129951
-0.0150008611381
-0.069346152246
0.0208148956299
-0.0130883036181
0.00794948078692
0.0378550291061
0.00704812118784
-0.0870283171535
-0.0220696143806
0.0365110635757
0.00225564744323
0.045706640929
-0.139903664589
-0.000560044660233
-0.0613009519875
-0.0201499406248
0.15311807394
0.015985429287
0.180086612701
-0.0469610542059
0.0210439041257
0.0206541828811
0.0678301900625
0.113041654229
0.124991506338
-0.146467000246
0.0106620118022
-0.0219501778483
-0.0924032703042
0.0686947107315
0.0682787075639
0.0341010950506
-0.0615542083979
0.0734549090266
0.0958828628063
-0.0498514324427
-0.0296440608799
0.150830894709
0.0502890944481
0.135256886482
0.0638905316591
0.158589959145
-0.0628390461206
0.0756794437766
-0.097817696631
0.0784290209413
0.10634342581
0.0209229812026
0.106891036034
-0.0390432737768
0.0728065744042
0.128850162029
0.0759778767824
-0.13102273643
-0.0451273024082
0.0113712130114
-0.0181313827634
-0.0619588270783
-0.052275262773
0.0466898083687
0.0422312580049
-0.12018930167
0.00372946681455
0.068312972784
0.101671166718
0.0379512310028
0.00692326622084
0.0244307536632
-0.0473478324711
0.0395969003439
0.0366503968835
0.0568243563175
0.0655145049095
0.0334211848676
0.191293999553
-0.0814201384783
-0.148351415992
0.133277788758
0.0696459561586
0.0781135708094
-0.018750295043
0.0631277784705
0.0729270428419
-0.0330276973546
0.155522421002
0.0466269887984
-0.00605636741966
-0.011079961434
-0.0463527515531
-0.0930955335498
0.122918397188
0.214864552021
-0.0464594587684
0.0376995801926
0.12300632149
-0.00331700663082
-0.0554372109473
-0.0582992583513
0.0060230945237
-0.089546173811
0.0218162499368
-0.086032025516
0.0264012552798
-0.140021562576
0.0445304848254
-0.117536783218
0.0113322502002
-0.0484772138298
-0.0106218215078
-0.000929028203245
-0.0208588819951
-0.053857319057
-0.0609955564141
0.0610774308443
-0.0446263998747
-0.0922710075974
-0.184449627995
-0.0327938944101
-0.0371394269168
-0.101693756878
-0.0495438762009
-0.121284246445
0.0230211894959
0.0189818758518
-0.088105276227
0.0118082324043
-0.263453185558
-0.019881868735
0.0297204479575
-0.0532107502222
-0.0555544421077
-0.0234240349382
0.0456430055201
-0.0261027440429
-0.0376265347004
-0.0308026652783
0.145736202598
-0.0102843688801
0.0379760749638
0.0411670133471
0.0396823175251
-0.148220822215
0.0792706608772
-0.15779902041
-0.052750185132
-0.116601698101
0.120315402746
-0.00203065713868
-0.0576377213001
0.0902568250895
-0.127310782671
0.00888232234865
0.0498872585595
-0.0425112470984
0.0345127172768
0.032070685178
-0.184873253107
0.0321984104812
0.139433562756
0.0825441479683
-0.0695757642388
0.0511840581894
-0.100747980177
0.0472916923463
-0.039387781173
0.1481128335
0.0562499500811
-0.0777679011226
-0.0656408295035
0.0940143242478
0.0197936426848
-0.0723453089595
0.0477825067937
0.096091195941
0.0257154908031
-0.0888286456466
0.0518444664776
-0.0588136464357
-0.118714690208
-0.116677038372
0.00987408682704
0.0343844816089
0.108997613192
0.0482129901648
0.0729982852936
-0.119509339333
0.0472163558006
0.00918277166784
-0.0276137776673
-0.063258163631
-0.0865864902735
0.0289942063391
0.0321585573256
-0.0212001930922
0.0394305624068
-0.100325115025
0.0228917393833
0.0622590705752
-0.0191483553499
0.0937863960862
0.0793071910739
0.0111655313522
0.0185929182917
-0.0812875255942
-0.022263597697
0.157312244177
-0.0200082920492
0.0259263962507
-0.112409040332
-0.0336804687977
-0.10290646553
-0.114755518734
-0.0132539356127
0.0655232071877
-0.0208325441927
0.0261926297098
-0.095623716712
-0.0494404248893
0.0118369720876
0.034000787884
-0.154135942459
-0.146871864796
-0.0743117183447
0.00156356033403
-0.0746242702007
-0.152222067118
0.197573214769
-0.105315670371
-0.0322350561619
-0.00558804767206
0.020949954167
-0.0665819868445
0.083808876574
0.0392782017589
-0.135011747479
